10100110010101011101010111001100000
1010011010010101101111000010110011
10100110101111
1010011011010
101001101110101100110101
10100110111100011111
10100110111101101
10100111001101011001011110010110101011011011100101110101010
101001110011101
1010011101
1010011101000
101001110100101
101001110101101101101011010010011100101100111
1010011101100110101010101101
10100111011001110011
1010011110100110011
1010011111001
101001111101
101001111101001110110011111101101001111011010000
101001111101100001011
10101
101010
1010100
10101000
10101000000000
101010000010101101101001001010111101101000010011
1010100000111101011100101110100101
1010100001011011110100010
101010000111000
10101000101000000000100110111
101010001011010000001011001100111011000101010101100011000000110011
1010100011010000000011101
1010100011010101101101000
1010100011011101000
1010100011100011
101010001110001110011
1010100011101
10101000111100
101010010100001110001110011000
1010100101000111
10101001011010
1010100101111
10101001011110011011111111
10101001101
1010100110100
101010011010101010110100000001101
1010100111
1010100111001100010
10101001110100010
10101001110110011001111010
10101001111000010011000111011100001111
101010101
10101010100010010111111110100110100111111110
10101010100011001111111101010010011101010101100111110110001001111001010110010111111111100010
101010101001011001101001111001100011010
1010101010011001111100110011111101011011111
101010101001101110011
10101010101001100100111101011100111111010001010011101011110101111
10101010110011
101010101111111011010111
101010110010101100
101010110101001011
101010110110101011011111011011110100110111111010100000000001011101010111111111001010111001111100000101111010000
10101011011101101011011101010111010000000
101010111
10101011100001011001011101111010011000
10101011100011
1010101110010111
10101011100111100
10101011101
10101011101100001111
101010111011111011
1010101111010001
10101011110101
101010111111000
101010111111011010001111000001011101011011011110110111
10101100101011
101011001011
10101100101111110110011010101001110111001011
101011001101101
10101100111001101011100111101000000110101101011010011101010110
101011001111111011
10101101
101011010
1010110100
1010110100010110100
1010110101001111010
101011010101
10101101011001100000000
101011010111
1010110110011
101011011010100110000
101011011010101000000
10101101110011001110110
10101101110110100101001001101010010100111001001101111
1010110111100010011001011000
101011011110111
1010110111110100110
1010111001111101
101011100111110110111101
101011101
10101110100
101011101000010100001100110
1010111010001101000011101100110111010101011101
1010111010111111000111
101011101101
101011101111110110
10101111
10101111000
101011110001011110111111101
1010111100011
10101111001010101100000
10101111010001011
10101111010110000000001
101011110110100001011110111010111000101010100110111001010
10101111011011101111
1010111101111111110011001101001010
10101111100000010110100111011110101110101
1010111110001111
101011111001010
10101111101011111001100
101011111011110101101
101011111101111101101000101100110110110010011000
101011111110111101001111011110111011011010100011110011
1011001010110
1011001010111101000
1011001011
101100101100
10110010110101
10110010111011011110011001111110100110000111100011
10110011
101100110
1011001100
10110011000
101100110000000101
1011001100111
1011001110100
1011001110101011001100
101100111100110100101110100
1011001111010000010100010100101
101100111101011110100101101110000010011111100110
10110011111111111
101101
1011010
10110100
101101000
1011010000
10110100000
101101000001110111
10110100001001111010111111111111110011
101101000010111100101111101010011101
1011010000110111110011
1011010000111
101101000110011110101101
101101000111011010101011
1011010001111110
1011010001111111110010110011111
1011010010010111001010101101010000
101101001001111110001101
10110100101
1011010010100111
10110100101101001001100000101
10110100110101100110
1011010011101100010101100011011011111100
101101001111001001111001011
101101001111010011
10110100111110110111010101100
101101001111110
101101010011
101101010011101100110
1011010101
10110101010000
101101010101001100111011111101
10110101010110110111100010111101101010101001100
1011010101100111001100
10110101100110101100110000
10110101101
1011010111000
1011010111000101010011011100
101101011100011100101110011101101000
10110101111010010111010111011011101010111
101101011110110010110
1011011001010110111
1011011001011000
1011011001101101000100111111110
10110110011011110001111
101101101
1011011010
10110110100
101101101000111001001
101101101001010
10110110100110100
10110110101010010110100011110010
1011011010111100111011
101101101101
10110110110111100010101110011
101101101111
101101110010111010011111011111011000110111100001100111010010010101110011000111100110000111110011001010101000011
101101110011
1011011100111011110000010001011000111
1011011101
10110111010
101101110100
101101110110010110
101101111
1011011110011110110010110
10110111101100110000101100
1011011111101011000000011010010100111111000110100
1011011111110
10111
10111000
1011100000010110011101110001
101110000010101000
1011100000101100101100111001101
10111000011
101110000110011100110001100101011111101
10111000011101111111
1011100010101100011010110100110111111110111100101
1011100011
1011100011001011000
101110001100110100111011111001100101011100110101001111111010
1011100011101
1011100011101011
1011100011111100110011100011011010111001101010
10111001000
1011100100000001111010011010
10111001000011
101110010001011011100
101110010001111011101101
101110010010011101010111001010110101
101110010101111110101100110110101011101111101011010110
10111001011000011
10111001011000111010101110011111001100011011011111
1011100110000001100000
1011100110010001100111
10111001101001110110100
101110011010111
1011100111010110000
10111001111100101011
1011100111110010110101
10111001111110100
1011101
10111010000
101110100001100110011
101110100010
101110100100110011111100011
10111010011000
1011101001111001
101110101010110000001001011
10111010111
10111010111101100110000110101111001100101011
101110101111111011110101001100101010100101
101110110
101110110000011010110110011110100000110101101001101000
1011101100001101
1011101100101100001101011101
10111011001111010011111101
1011101101011
1011101101100111010001101
1011101101101
10111011011101
10111011011101110100101100
101110111
1011101110000110
1011101111
101110111101
101110111101111111
1011101111111111001111101010
10111100
101111000000
1011110000011
101111000010011
10111100001100111101011
101111000011001111111
10111100010
1011110001010101011
1011110001011101
10111100011
1011110001111
1011110001111101101011
1011110010001100111111
1011110011
101111001110011
10111100111101111
10111101
101111010000110
101111010010101101101101001101101001010100110001110011110000101100111101100110110011010101101101011011100111101011111111111111111110011101111101110101010011
1011110101
101111010111001011111010111
101111011
10111101100101111110111
10111101101
101111011010100110
10111101101100110001101000011111111110011
1011110111
1011110111011011100110111111111101101101100110010010110000011001011
1011111010110
1011111010110000101101101
10111110110111110110001111001000110001100001101010111111011000
1011111011110100111
101111101111011001110100101
1011111011111001
10111110111110100011011100111001
10111111
101111110
1011111100
10111111000
101111110001001101011010
10111111011011010111001
10111111011101100111
10111111011101111
101111110111101011100000011010001101000
10111111011111011
10111111100111010011011101111001100011
10111111101
1011111110100000001111111001110101001011
101111111110110
10111111111111
1100101011
110010101100100110010011110111010111
11001010110011110111010100110011101111
11001010110111110111011011101010111100111011
11001010111011010
11001011
110010110
1100101100
110010110000101
11001011000011010011001011
110010110000111001
1100101100011010011001111100100011001101110100100011
1100101100100110
110010110010111010
110010110011010
110010110100110101101111000
11001011010100000111000
11001011011001100
11001011101
110011
1100110
11001100
110011000
1100110000
11001100000
1100110000001010001100110
1100110000001101101
1100110000011001011001101111100010
11001100001001101110100111100010101101
110011000010011101111111110100011011001010110111010111
110011000010100111
11001100001011011111111010000010010111010
11001100001101
11001100010110101001011
110011000110100001101110110011
11001100011110101
110011001001111100000011011100100110111001100010
11001100101
1100110010101101000
11001100101111001011010
11001100101111100
11001100110011110110101010111
11001100111
1100110011101111
1100110011111011
11001101001100111
1100110101
110011010101101011010011010
110011011001100
11001101100111110000110111001010
11001101101
11001101101010101101110111111011111
1100110110101101000
1100110111
110011011100001011111111000101
1100110111001001000
11001101110010010100001110101111001101111101100111101101
11001101110100100010111110010011011110011111001000110011000101111111000111010001111111
110011011101001100011110111010111000
11001101111011
110011100110
11001110011001010111
110011101
1100111010000001101101
110011101000110100100101111110011
11001110110100110111011100101100111
11001110110101101011111101101001110010110111011101110100111011111010010110100110101111
110011101101101010111010101
1100111011101
110011101111010111
1100111011111001100110100110
11001110111110110111011011111
1100111011111011111111011101
11001111001011111111011110111001111110111101
11001111001100000101111
110011110011000001111000010100100001011010111010011110011100110100101101101000001110000111
1100111100110110100
1100111101
11001111010000000100110101011011001101101010100
1100111101000101111
1100111101011010
11001111011100110101001101110101111000010011001111001011101
110011111
11001111100001110111011
110011111001100101001111
1100111110011101011111010110111000101
11001111101
110011111100010
1100111111010011101110100101
110011111111000
11001111111101101
1101
11010
110100
1101000
11010000
110100000
11010000000111
110100000011001111101011101110011111100
110100000011010
1101000000111010011010110011110011
11010000010010110110100
110100000101100101101111110101101110111011011101
11010000011011010101011011010110011
11010000011110011
110100001001100
110100001001111010010011
1101000010100
1101000010101010011001110010111110110010111010110100110100011010111
11010000101011011110011110000
110100001010111
11010000110011
11010000110011110110111110100001100
1101000011010
1101000011010000011100110100111010010011
110100001110110101111001100111000
11010000111101
110100010011
11010001001110101110101011
11010001001111101
1101000101
1101000101101001101111001111011110101111011011111011001111111100
11010001011100110
110100010111010
11010001100101110100101000
110100011010
1101000110100100111010010110011
110100011011101011101001011000
11010001101111100100111010101011101100101010111011010010011100101011001010001101000
1101000111000101011
1101000111100000111110111110111010110011
1101000111101
110100100110111101
11010010100
11010010100111
11010010101011011011010001110111110111111110010111111101110110011
110100101011100100000111100101111101
110100101101
110100101101010010101100
11010010111001111010110110101100101011
110100101111001
11010011001011111101
110100110011
1101001100110000110101101000110011111011010011
1101001100110100111010000001010010111010
1101001101
11010011010101111100101111100110
1101001110000101100
1101001110001010011
110100111001
11010011101
11010011110010110001101011
1101001111011
110100111111
11010100101100
110101001011001101011101101000010
1101010010110111111111111110010110011110111011111
110101001100101
110101001110101110010111111111001011011100101
11010100111010111101
11010100111110110111101
11010101
1101010100
110101010000
110101010011010
11010101001110111011110011
1101010101001100
11010101010011000000
1101010111010101
11010101111
11010101111000
11010101111000010
110101011111111100111001010110001011010001010101110111011101
11010110010111111000110010110
110101100110110110011011100101000010110110111001011110100101
110101101
1101011010
11010110100
110101101001001100101101100110111111111
11010110100100110101000000011100110110011
11010110100101
11010110101100110
11010110110100100110010111101100010111001101
11010110110100101111
110101101101111100001101011100100111110011101110111101111111
110101101110101011010111000
11010111
11010111001
110101110010001011001011101001010111001101110111100111101101111000111110100110111
110101110010110010110001101011001100010101011001100
1101011101
11010111010000
1101011101010
11010111010101111011111010011
110101110110
110101110110011
11010111011001111110110110100110010110100000
110101110110111111
110101110111
11010111011100011101110000011111011100101111100100010010
11010111100
1101011110000011
11010111100010110001101010011010010101100
1101011110010010
110101111001011
110101111001111111111011
110101111010001
11010111110111101
110101111110001010
1101100101010110
110110010101100
1101100101110011011100010
110110011
11011001100000100101011101101111111101111111111001110110010101110010110011110101101
110110011000111100
110110011101111001111001001011111
11011001111001110011011001110111100011
1101101
11011010
110110100
1101101000
1101101000000
1101101000101
11011010001011100101100
110110100011111101010111111111011000010111010111
110110100101000
1101101001011001110111101
110110100110011
1101101001100110101
11011010011100001101
11011010011101
110110101001011000
110110101001011100110011110111
1101101011001101110110
1101101011010001111011
110110101101001010111000111
110110110010111101010101011010
110110110011000111011001100001110011
11011011001101011001111111111110111
11011011010
1101101101101001010001001011110110111101011101
11011011011110100111001010011101011010111110110011
110110111001111010011110110011111
1101101110100111
11011011101111100
1101101111
11011011110010000000101011
110110111100101001111
110110111101
110110111101100110001
11011011110110100110111100111101011010101
11011011111000101010110
110110111110011
1101101111101
11011100101101010110111010000
110111001011101000111
1101110010111110101100110
11011100110001001100
110111001101011010101011110110110011111100
110111001101111010010110000000110011011010111111111101000001110101010100111
110111001110100010100
110111001110111011011011100111111101101010
1101110011111000
11011101
110111010
1101110100
110111010001101
110111010010011101011011001100111001110111111011011111111
1101110100101100110001100111011111111110011011111101
1101110100111111101111
1101110101110010000110111110111101100111
110111010111011100110111101001011
11011101101
110111011010111001100101010100001101101100
110111011101
11011101110100000000111
11011101110111111100101101
1101110111101111011111
1101111
1101111000011
11011110001010000011011101011111111111101
11011110010101100110101001010101100111110010010000101111011010101001101
11011110011011001011
110111100111111100101
110111101
1101111010000
11011110101010110111
1101111010110110101111010110101101011101
11011110110
110111101100101101101000011100011111
1101111011010011000011000010110100111000011
110111101101100110001010101101
110111101101111011
110111101111
1101111100
110111110001011010100
11011111001101110
1101111101
110111110101110011101
1101111101101
1101111101101111101111
1101111110110
110111111011000
110111111011000001011101
1101111110110100110000
1101111111
11011111110
11011111110011110011101
1101111111010011000101000
110111111110010111001100
1101111111101
11100101010110111
111001010110000110110011
11100101011111
111001011
11100101100
111001011000010110110011110011010010111110111
11100101101101
111001011100110011011010
111001011101010011010111001011100101110111011101
111001011111000001011110100011
111001011111011001101
1110011
11100110
111001100
1110011000
11100110000
111001100000100111110111
11100110000011101011
11100110000101000100101011001001101011010010111011111000101111101
1110011000101
111001100011001110011111111011010010101110001010001111101000111011010111101
1110011000111
11100110011011010101100101010101011111
111001100111101100110011110111
1110011010011010011
111001101010
111001101110011111111110101101
11100110111110111101000001111011
1110011100101101111110101
1110011101
11100111010
11100111010000110011101
11100111010011011010011111110011111011111
11100111010011100010111011
111001110110011100110111111
1110011101101010101010111100100011111110101
11100111011100111010101000001111000111101
1110011101111
111001111001101001111010011001101110010101110101001100
11100111101
11100111101000110101100110
1110011110100111
1110011110111100100100001100011111010011110111
111001111110100000010101011
11100111111110000
11101
111010
1110100
11101000
111010000
1110100000
1110100000000001010011111010101010111101
1110100000000010111011101
111010000000011011010
11101000001010101000
111010000010111111100
111010000010111111101110101011010101011001101011111001010000101101101000111000111
1110100000110100111001001001011101111010
111010000101
111010000111100110111000000101111001
111010001001100011101
11101000101
111010001100110101
1110100011010101000000000
11101000110111010110011010011101
1110100011100111100101111101101111101110111110010111111110110011000000101100101111111110110010110111
11101000111010001011011010011011110110
1110100011110111001011011110000110101011010011010111000111001001100010110011110010000101100011110010111
111010010011
1110100101
111010010100101100101011010100010100000101101
111010010100111
111010010110011001110111110010101010101110101110001001110101
1110100101101011001011
1110100101110011000001101
11101001011111110
1110100111
1110100111000000111101
11101001110100011
11101010010101011010111010110101011101
111010100110001101111011111101
111010101000
111010101010010111001011
11101010101001110010101011
1110101010111
11101010101110100101111011010
1110101011100110000000110010110
11101010111001100101111001
111010101111001100011011110011101110011
1110101011111010011111001001000
1110101011111011101111011010101
111010110010110101
11101011001101010
1110101101
11101011010000011100011
1110101101010111001101101
1110101101111101
111010111
1110101110100011000010111101
111010111011010001011001011
1110101110111
111010111100101000010
11101011111011010101110110
111010111111110111011101101110100
11101100110
111011001100
1110110011100111111101100000
1110110011111
11101101
111011010
111011010001110010100011
11101101001100101101100111001101011101001101
1110110101001100000
1110110101010
111011010101011001011
11101101010111010000001111010010110
1110110110101001011
1110110110110011011111110010110000100110110110101111001111
11101101110011
111011011100110010110100111100
11101101111
11101101111100111
1110110111110101
111011100101101111111101110011000110111100011100101101101
111011100101111010100111011111111100110011010001011101000000111000
11101110011111000
1110111001111101
11101110011111101
111011101
1110111010
111011101000000111111
111011101000101
111011101000101010011110110101011101
1110111010010110011010101001100011101000111110010101011
1110111010101101
1110111010110011111001
11101110101101001010000
11101110101101011100100001011000010100000101000
11101110110011111
111011101101101
1110111011011100111101000
11101110110111011110110000101111010000110011101000011101111111
11101111
11101111000011
1110111100010111
111011110010101011101110111101111111
11101111001100101110011111011011
1110111100110010111011
111011110011001101
111011110100100011100110110011010010110
11101111010010100011111111011111110111101111111
1110111101010
11101111100
111011111000010110010
1110111110001010110011101010111101000001001011110110100110011101111011111
11101111100100101100
111011111001011111101101
11101111101111111011110110011
11101111110110
111011111101110101110011110
111011111110
11101111111000111001001000000110000001101010
1110111111101010
111011111111001110101010111101
11101111111111100001100011
1111
1111000
111100000010101110011110110011010101110110011100111110010110100111111001100100101011000000111
1111000000101111100101101111011
1111000000111011011011011
11110000010100110101010011001100010011
11110000011101100111010011100110011100111110100001010111
11110000011110111101101111
11110000011111110
1111000010111101100101100110011001011101011011001100
11110000110011
1111000011101101
1111000011111011001011111
1111000100000
111100010000011000000000001011111001011
1111000100001111
111100010001111011110010110011100011011100011010100101011100110110111011110101111100110010011000
1111000100111101111010011
111100010100001011
11110001010010
11110001011
111100011
1111000110011
11110001101
11110001101110
1111000111
1111000111001100000001101010100100111101010100110100
111100011101101111110011101
1111001
111100100001110011101000101101101
11110010000111101
11110010001001101101101011111010011010111010
1111001000101011
111100100010111
111100100011
111100100101
1111001001100111111001110111010111000010110
111100101
11110010100010
111100101001110110010001010110111111010000101010100000
11110010101011
111100101011
11110010110
11110010111
11110010111101
11110010111111111011101111001111101000110000011011100101100001101
1111001100
11110011001101101110010111001100101011001010101111010101000
11110011010010110011100101
111100110111011
1111001110101010110
111100111011000
1111001110110000110101110100011000011110011111
1111001111
11110011110001010000100111011010001101111011001101
11110011110010111001101011001100
111101
11110100010
111101000110000111110101011
111101000110011111000011001101110001000110010111010
11110100011101
1111010010010110
111101001010001011
111101001010010110110010111111100111101
11110100101101010010101001011
1111010011000110010011
11110100110011
1111010011010010111111010111
111101001101010111
11110100110101100011001110010101111001110011101011001011000
111101001110011
111101001111000
111101001111111001111000101011000000
111101010
1111010101100101
11110101011011100000011
1111010110011
1111010110011000011101
11110101101111100110000001011011101110100000000101011110111010111101010111
1111010111
111101011100111101111
11110101110101
11110101111
1111010111110111011101
1111010111111
11110110
11110110000110111000001111010111100110
111101100011101001101
1111011001011000111000101101110
11110110011
11110110011111101
1111011010
11110110100011110111000111011101001100111110011
11110110101000011101
11110110101000111101
111101101010100010101001111
111101101010100011101100100111101
111101101010110011000000110111011001100011001111110100111101100110100110111
111101101011011110100111
1111011011
11110111
11110111000001
111101110011
1111011100111001011110100000000
1111011101
11110111011100
111101110111010111011001111101010
111101110111101001100101101011111110
111101111
1111011111
11110111110010101100
11110111110110111011
1111011111101100101010110
111101111111
1111011111110100110101010110100010110100111110101101110011111111101110011010011101111001000
11110111111111011
1111100
111110000100111
1111100001011001100001011010101001011
1111100001100110111111000001011010010
1111100001101011010101110100101001011010010000001100000011010101110001111010011011111101101101101
1111100010110000101000110011111011110110111
1111100011
111110010
111110010000011
11111001001101101011011010
11111001010011
11111001011111
111110010111110101
111110011
1111100110010110111100000110110110011110011110111101
11111001101
11111001101111110110001011101101111101
111110011101101
1111100111101
1111101
11111010000000001
11111010010111010
11111010011
111110100111010001010011010110100101111
111110101
1111101011100100110
111110101111001101010111101
111110101111011110000111
11111011
11111011001011
1111101100110101111
1111101101
1111101101100110110011011011010110011
111110110111
1111101101111
111110110111110010110011101
111110111001010111010000100101011
1111101111100110101111010111100111010111111111101110011100110
11111011111010110010110111
11111011111011011011011001100101110011111010011001100110001001011
1111110101101101111011111111011
111111010110111
111111011
11111101100100110100101011
1111110110101101001111011
1111110111001100
11111101111010
111111011110110111011110110
111111011111
11111101111100011
1111111
11111110
111111100
1111111000
11111110000
111111100000
1111111000010011001111110
11111110000101
111111100001100101011001101000
1111111000011001011000001001011001100110000
1111111000110111001101110100110010
111111100100101100
1111111001010
1111111001010110111111111100100011
11111110010101110011000010001111101
1111111001011111011
1111111001101100110010101001101101000
111111100110111101
1111111010011
1111111010011111
11111110101
11111110111
11111110111001100
1111111011111011
111111110011010110110111001100011011010000001010100101011
11111111010001011110010010111
11111111010111
1111111101101111011100000001
111111110111101001000
11111111101010100111111
1111111110111011010
111111111100010000111110111111101
111111111100011101010111
111111111100100101
111111111100110111
111111111100111101110000011100110001110111
111111111101010
11111111111011011111011110101110010110
11111111111110010110011
11111111111111001011
