0
00
000
0000
00000
000000
000000000000010101110110111111010100100111100001010101111011101100101000000011
000000000000101100101011101010100100001010001001110101101001101000111010111010000010011001011100000
0000000000001011001101110011001010111100010101010101101001101111011100101101100010
00000000001111
000000000011111010000101110000000010000101100110111
00000000010000110011001101110
0000000001000100011001011111111000010010111110000111100001000011010010100101111011101011001001
00000000010001110011101101100100001110000000000011110111100111101
00000000011010001011010001111001111000000000010111010010101000011
0000000001101101011010
000000000111001001100100010000011001100011010101111101010001100100000000101011011000001100011110
0000000001110101100111110000001101000110110110110111010001000101000000001111
00000000100001111010100001000011100110110100010100110010000001
0000000010001100011101110000110100100000011100010101000100010010111111111110000001000100101111001
000000001000111
0000000010001111111100011111111100101100000010010100011100001
00000000100100010000111010101100000
00000000100111111111010000011010111101001000101011101111001100000010011000010101
0000000010110010001100111001000001011101010100
000000001011100111011010011001110000001011101110001001110
0000000011001100010110101000110110011011011111100001110111
0000000011100110001011100000111000100101101
0000000011100111
00000000111100011000001101110
0000000011111011000
0000000100000111010111111010000011001001100011110100111010000101001101100101010001110110110
00000001000100
0000000100111100100001111
000000010100101110100010010011
00000001010110000110001010010101101011110100001101000111010110000100011100010
0000000101011101110111101110100
0000000101100110000101111011010101111000010110001111000
0000000101101111000001001100000110001110010111101010001010100000011110001101111000110010
000000010110111100111111010111001110110010111000001101001001110111110101011010111011
0000000101111010110110101000101101011001111011110111001110010110011110111000101111
0000000110000110010
00000001100110101001100100100101110111101000100001001001010011000111
0000000110101111000101000111111011011100011100001101101001000010100010
000000011011101000011001000101100110100100001111101001110000010010101001011100000001101110
000000011011111101100100100
00000001110011110001111010011000001110010100100110110010100101000011111101010010
00000001110111010011010100001010010
00000001111000000011110111101110000010010111110110000100000111
0000000111100111011011001001110110110110111100101000010011110111111001001011100011001100111011001
0000001
0000001000010011101000101010000100110101110100100000010
00000010000110111011010111
00000010001101100111110111000111010100010011110100101100000110111101011
000000100100000000110000010001100111000111000101000111
00000010010000011110000110100101111100000111011110100111111111001111110010011000010000101111
0000001001010001010001110111010110001
00000010010101001100011100101100111000000001101010111011
000000100101010110100100101011101000011100110000110001100111110111110010010100101110100001011011
0000001001100011101100100
000000100110101100011001110111011110
000000101
00000010100000101110001100110110100110111000100110001001011001111
0000001010001000100010100011110110110011000111010101100110111011100001100101110
00000010100110011101110010001
0000001010110111000111010111010011001101011100011010110001011000001110011100100000110
0000001010111110010100100111010111011001011
0000001011010010100110111011
0000001011011011001110100001111000010001101000110111010000000101010111110111011111010100
0000001011011101000010001010000110000010001001010100000000010010001110110010010101101011011
000000101111110110111110100010101001011000111100011001110000110100111101111010000010100000111111111
00000011
000000110000111111011100110011010100
00000011000100001001111100111111011101110100111100
00000011001101111101000010111101010111111000001100001001110101110
00000011010000101101110010010010111110111000111111100011101001
000000110101101
0000001101011100111000111001001111010100010110011011001
000000110110111001100101100111
0000001110000001110001101010010100101100001101100111000111001101
00000011100000110010011110011111001101010111110001110000010011110010
000000111000011010110100100011101000111101111010011110000010011001101010010
0000001110011101111100101111111010110010111101100000001000100101010110110
0000001110101001100100110111011000101110111111100011100011001110000110000011
00000011101011010111011111010000100010111011001100001011101100100000001111011111001
0000001110101110001110000001010111000010
000000111110100100000100110110101001100011110001110011
000000111110101101101001001111001101110101011011110110111101101100011001100101000110000010
00000011111011011000101000101101010001001010101001010
000001
000001000001100010010010101111001010100011110010
00000100001111110010100000011100000100101101010111001100011100011111111000100011010101111010000
0000010001000000011011100110110101111110101101010011111011000000111101000111
0000010001000001110111011111000001001011011110111011010000001111000001001010000010
0000010001001001000001001110100010011111011
0000010001001101101111100100000110011111100110011110001011
00000100010100111111010101101000101000001001
000001000101110011100101110000110101001100010100000110111110100010110010011110100
0000010001110010000
00000100100000001100111110000111001110011001101011111111100110101001011100010
00000100100000111001110
000001001000111010100010110001010000000000110110001001110100101011110011100
00000100100100010000111111111011011001100011101100101000010010000001010100110001100001001101111
0000010010011011010111110000011110000001
00000100110101111010
000001001101101101001000010001000010100000011011
000001001110
00000100111001101000110111100100110011001111001101010110010011001010111100101001100010001
00000100111001110011011110110110010011001101001001111
00000100111101000000010111001111101110010010111100111110000010011101001001000
00000101
0000010100000110110100011010111101010111101101010010000110110000001111100100011
0000010100001010111110101101101101010111110111101001000010110001010010001100101000
000001010011
0000010100110
000001010110100011101010100101110000000111101000101100001010010011100111110001011100010010010011100
00000101011010101100111110001001110001000011001111001110111111010110111100100011110101011010
000001011010101001100
0000010110101101111010100100101100100000
000001011011011110011110101110011
000001011100011001110111101111101101001000001
000001011100011111001110100000000001000011010100101010101111010010
00000101110111110111010111001101101110
000001011110100111100101111111010111100101110100011
000001011110101010111
0000010111111100111100111001101000010110001011010001100001100011101100110000100011
00000110000000000111100101111101010100
00000110000011001011111101011011000001110100100110010101010111100011111110
0000011000001101000111110101101001011100111111010000111101110011011001101111010111000101000010100
0000011000100010111010101001011100111000001001011001001110011001110100100110100011101101011101
00000110001110010101111100110001001000011100100111100011000110010011101101101111011100100011010100
00000110010100010001010010011111011101011000100001100
00000110010100011100110110011000110000001101010010000010110111001100100111000100000001010011
0000011001011000111110000000100101011100000010001010011010101111110001111101111100010110000100
00000110010110110100000101010011110101111101111111110101000111111000011001100110
000001100110010001010100001001001111000100000
000001100111001001001101011001000101010111101101110100100111
0000011001110011111011101010111010011100101101111101110100011101110100100
000001100111101
000001101011010010011000
000001101011011011010100111000010110011100011011001100010111010101111110100010000001111101011010
00000110110011000011011001110010010111010001000010011001101001011101100001101100111011010
00000110110100011111000010100011110111001000000010000010110110011100000110111000001
0000011011010010011100100110001001110001000111101111100100011000010110110000
000001101110
000001101110101011110111101001101110011111111111101010001110011110010
000001101111001100001100101101011011001100000011010110000100010
000001110
0000011100000000101100000010111100110010101110010
000001110001010101110101001110110010000001010111001
000001110011001100110100001101101010111100100101101001010000001100010111100011001
00000111010111110000
000001110110001111000100011100000101111111001100111000111
00000111011110001100111110100001001010110110100110
00000111100000110111110110001001101101011010010001001000101011110110001000000111100010110
00000111100001000001000010010010010101111010011001101111011011110111110100011100001101100100101
0000011110001000100001000101100111011111000110100001010010100101111100010111
000001111001110001111011100110100011000110110110100001111100111011100100010110000001101111011
0000011110101010100001010100111111010010010001100010001110001111101110001011001100110100001
0000011110110100011
00000111101101000111000001011001001100011111100000011100010010100111111100010101
0000011111
00000111110001101111001000100101010001010101110110011101
00000111110011100010000111011100010000010010111001101001100001110111100010011
0000011111100110000110101100100010010011100011001010011111
00000111111011101111100011111101111110110111100100111010001100000111010111010111100011011000
000001111111010010011001011101001001000001101001100100101011110010111101000011
000001111111110010111
00001
000010
0000100
00001000000
00001000000100011011001
000010000010001110101100100010010010111101100000101
0000100000101101011100000001010011001001001001100110010100010100010011000011010101011111000011011
0000100000101110111111111010011111010000011001100101001010101001010
00001000010001111011110001010010010001110011100110110001011110
0000100001010011100100001110110000111111
000010000110010011010100110
00001000011011100101000000100100100010111001100001011000001000110100
00001000100
0000100010000011110000
00001000100010111101011010011101001011000010011100100111011110
00001000100011111100011011111111110110000111010101111011111
00001000100110011110110101100
0000100010100011011111000010001001100010
0000100010110011010110001110001001011000
00001000101101100001010110010000011001000110011
00001000110111110101001111011111001000111011111010001111
0000100011100101111111011111010010001111101011101000
00001000111100001111100
000010001111011000000110101101110110001110111000100010001011100010010000110100111
0000100011111110000100000011111101000101001010001010001101110
00001001
000010010000101000011101111111011000110100011000100000101010000100001010111
00001001000100000101100001000010001110101111111001001001011101001001
00001001000110000000011110101001100000001000000010000110101011110011011111100110
0000100100011101000
000010010010001110001011111
00001001001010101110110001110
0000100100110111111010000010001011001100001000111010010001011110110011101000001
000010010011110010000111011001000000110010100001110101101110110111000110010000
0000100101011001101000000000
0000100101111011000001010011
000010010111110110111101101010
0000100110000100110111101000
00001001100010101111010011001100001000101101010111111101010011111111000110111001010111100010
000010011010111
0000100110110000101111111000001100001000110010010111111011101000
0000100111
000010011100
0000100111000110011100
0000100111001100110001000000111010000000111011111111110100000000101001000010100110111010000011000
000010011100111010110
0000100111011111000011100101001001001101010101101110101011101010000101111111101001000
000010011110101010100101101101011001011110111000111100101101100110
000010011111010000110
000010011111101000001101011110111010101010011010000111001100001011110111110101110110100111011
0000101
00001010
00001010000100000010111101010101100101110011100010010100110011000101101100011000110
0000101000011100101000010010100100001011101100000010000101001
0000101000110010110010000111110011100101111011111001001111
0000101000111010011011001111
000010100101001001010100011101001101001100010001111
0000101001011101011000010010101011000011110111010001011110011100011111
0000101001101101011110010100011110000001001011110010000011001111
000010100111010111000010011010000011101010100101000011000111001100101100111010
000010100111011011110101000000110011010110111001111011
000010101000000110111011101000000011000100111000110000101
000010101000100111010001000100100001011000001101000000001010
0000101010010001010011001
000010101001100000010001001100010110011111011101001101011111000001110011011000001011001
0000101010110010001101100000101010100111010101100010000011101001000000000100001001001010101100110011
000010101100101111010010011100000000110111100000100011001101010101100001000111101000
000010101101100100000010011010001011110101101110001011111100000010
0000101011101101111100111111010000110011000010110101100101111010000011011011011001111010010
000010101110111110110011100001011011010000100000111000100010110011001110001111101
0000101011110011000001011000110110
00001011000000
00001011000101010111
000010110001110110000001011110001010101100000010110111111101111010010
00001011001000011101101010110011110010110101010111010100111000011111
000010110010011010001010001101110100101011001110001110111101110001001
000010110010101111101011101010110110111000011001100001100001101001000000010
00001011001110110110000001000000000101110101000111100000101111000100011001011000101111001
000010110101000011011111000111000111111000110000011000010100101111110110110101100110101011
000010110110101001111010001111100010100
00001011100000100011011101
000010111001111011101111111101001111
000010111001111101010001101011100011101111010
0000101110110110110011110001101000100101111110111010100101110101010100
00001011101111101010100101111101011000101000111111001010011
0000101111
00001011110011100101111000011001001010011110010110
00001011111010101100111010101111101100011011000101110010100101001010110101110
0000110
000011000011010001
0000110001000010000001011010111001100111101001111000101001011
00001100010010000110110101001000100111010011011001101011011011111111010100000001
000011000100110010101111110010010111011100101011110110111111001000101100111011010110111011110101
000011000110000010001
0000110001100110011010000101000111010111101
000011000110100001001101001000100001010001011001001010111101
00001100011100010110100110011010111001011011001100000111100110100
00001100011101001101111
0000110010
0000110010000000011001010000010001110000100000101111010010001001010001111110110101001101100110001011
000011001000001101001001011010000011011110
00001100100100110010001001001011011011111010011011010000110010100101001001101111110111101001011100
0000110010010110000100000101001010111000
00001100100110010001111110000000010100111
00001100101001000111110100101000001110
00001100101101110101010110110000011011100000110111110001
0000110011
00001100111010110001000
00001100111101011111011011111111110011111100100011000100111011011010001100011111
00001101000000000
00001101001011100101101101101100111000000110110101010001101001101000111100010000000001
000011010011001010100111011111011110010101110011100000001100111101111101
0000110100110010111010000101010111001100010001000111110000000100
00001101001110001000
00001101001110101011101010000010
000011010100110001
0000110101010000
0000110101011001100011110100010110110010001110000011101001101001111111000000100000010
0000110101011100011101111110011000001111110001111011111010000000001110001
0000110101110000101110010010100010010000111110100101110
000011011000111100100011000000010011000111011101000110100011101
000011011001
00001101100110011011101100011111010101110100011001011100010101010101111011
0000110110101101100110010001011101001111000000110
00001101101011100001100000001000011000110110010100101110000010001010000001001001111100110001
000011011100010001010000000110011100110011011110110110010000010000010011
000011011100011100000000011111000010110
00001101110011001010011101000111011000111110001111000
000011011101011111110100110110000101000011000011001110011010110100010011101011101
00001101110110001011
00001101110110111100101100001
00001101111000101000010000110101
000011011111110111010111101110111000100110111000010010010010110001
0000111
0000111000000100000100110101000
0000111000010010111100010100100110010011
000011100001101110111110000011111100110101
00001110001000101011110110011
00001110011110010010111111110001
000011101000011111011000111110001000100
00001110100011111
0000111010010111111111001111110111000100111101100010111010111101010011010101010101000001000
000011101010000000000010110010001001100000001101111000
000011101010001010100110001110110101010111101000010000101111111111000111011111011
0000111010100110110010111101
000011101010011100001000011111010001101
000011101010110010011011101100110000001110110011101110001
000011101011110010110101101111011110001
000011101111
0000111100
000011110000000110001101011101110101100001
000011110000111010100011110101000000110
0000111100100001001000001111000010010000101010100110
000011110010011110000101010010000001011100
0000111100110000001101
0000111101011111100001011110000011001110110010000000100111001001110110010101000100100100110101000
00001111011
0000111101100001001101010100110110010011111101111100111010101110000110101111000010110011111
0000111101101000101110000101011000000010001
00001111100001
000011111000011110100101011110111101000110111011000110010101001011011101011010001
000011111010100000111000
0000111110101011000110111101010111100011000011010000001101100100001100010
000011111011101000011100111101001010001010100010110001101101010001111100011001010000101010000
000011111101110111101100111011110011111100011100001101011100100100000110100
00001111111000110011001001000101000001101011011011100100101011100100010110110111010
0001
00010
0001000000
000100000000011001100110
00010000000110100011010111110111000110001111110
00010000000111011010110110001011
000100000010011000011
000100000010011010011000000100110100011110111100111100011010110011100000001111100111
000100000011000101001000011010001000110111000001
000100000011100100010001110110001001111000001100001000101
00010000001111100011010100010001001101000011110010001100100
000100000100
00010000010000100011100
00010000010011001010001101001111110011011100101100110000010010010101111111101010000100110010
00010000010100000001101110011100000100
00010000010110110101101100001110000010010111101001010111011110100
000100000111101011000011011011010000110111000111101011011010110000000010110000110011111
00010000100001110011101100101110110
000100001011000001011011110001100
0001000010110011100011100100101101011111001010000111000100000101010000111
0001000010111111000100110110
00010000110000000110011100101110101100011000100000100000001101000110000011111111
000100001101
00010000110110111111001101011011111000100000000111010100010011100010000000010011001011011
0001000011100111000011101000111010111010110010101010100101000100001011011111100111011
00010000111010100101001001010000001000011000
000100001110110001001100010001000000100001110100100111001000101011100111110001110000
0001000011111001110001011000001001100001000101110010101010000101100
00010000111111111000111011111111101101010001101000001101010
0001000100
0001000100000110001110001010100011011010011110110
0001000100001011111111100110000100010011000011110001100100101010101010111011
0001000100010010101110110100000110001001101110100111010100001111100010111100001110001
00010001000110001100111110101101001101111000000010010111110101111010110110001101100011
000100010001100101000101111000110
000100010010111
00010001001110001001011100010001010100100001011000010101110000011101101
0001000101011011111
0001000101111001011
00010001100101101010010111110001010
00010001100111010001111000101110011001111001010
0001000110111111111100010101001001111011111000000100010011001010011111100101010101001001
00010001110101101100101110101111111010001001011110101110011111010101110111001111001001010000101
000100011101111001000100110000111111011001111001001010100000
00010001111010101000111011110101111110000101010
000100100000001101100101101111101111100001
000100100000110011101010010101100110000111000110000010111110110101
00010010001001011011111001110101110
0001001000101110011101100111010011111110011001001101011101100010000111110100011110
0001001000110011110011010111001110111111110011110110101000001111100001111
0001001000111011001010101
000100100100011110110100010100100100011111111010000100101100111111101
00010010010010101101010010101110011001000011111110010101101111000110
0001001001010000000000111111101100010000000001000101011011011101011001100001100100010
0001001001011100010100000110110100111111
000100100111011101100001101010101
000100100111110000001110011100100011010101101011000111
0001001001111110010001010100
000100101000101100101001011000111110010101010101000011010000100010101000
000100101001011000
00010010101001001011100101001010000111110010101001
0001001010101011000000011111100001001110
000100101011
0001001011000110010100101111110010100000110110010001110111100000100001001011000010011111011001
00010010110011101111101101110011110001000001101001000001000110001100101
00010010110100110111100000011
00010010110110000111110001101110100110101001000000101100010100101011011000100
00010010110111111111010110001100111001011010010011101111011100010011
000100101110010101011000001000
0001001011100101101101000010011110100111111010011000000010001011111011100
0001001011101110100111101000000101011110100001011000001000000101001100100000111000010010
0001001011110110111100000100011000011111110010101100010
000100101111110110010101100111011001011101001110000111111011110100101001011111001100011
00010011000000111101101111111
00010011000110101001111011010000110000101110101000000011000110000011010010001101000
000100110011111101100
000100110101100010000010001010011110000111101101100100000000010111001
00010011010111
0001001101011111111110
00010011011100010000000111010111010111100010000111111011111101101000
000100110111000101010100000101111001111011101000011000100100000111010110010111011111000
00010011011100100
00010011100000
0001001110011100000110110000101100000001011011101001010100001111011
0001001111100
0001001111100111001011001011011010001111011101011110000010000011100110110010011001101000
0001001111101010100110110110
00010011111011100111101101010010000010
0001001111101111110001100101100100100110100010000
00010011111101000000000001011
000100111111111110101000011001
000101
00010100000010010010000110111100110111111110101011001111100011111010
000101000010011101110001110100111101000010101101100000011110000010111110010101001100111000101111010
00010100010010010010
000101000100100101011000011111100001111010
0001010001010001110001001
00010100010101100011100011000011111011011001011101001
00010100011001111100010110000011001110000110011111100
00010100100101010111110101000100000100011011
000101001010110100110111000000011101
0001010010110010011111110111110001101000000010110011111110010110011010000000000001011001
0001010010111101101111111100101111001101110000001
0001010011
0001010011011111010110100111101101100011000000010101101100100
00010101000000111000100010001111010010100101100010011111111101110010100110000001000100
000101010000111010000110100001110
0001010100010000111010101010111
0001010100100001110111111111100000000101100000111110101110010011111101000
0001010100100100100011110001101101
0001010100101000001110110011110111000100101011100000110110010011000101011
000101010010111101101010000000101010111
000101010011001010101000101111010100100110101100001110111001000001111011101110110110111011011110110
00010101001111010000011100110110010100000001010010000110100001011110011001000011110100
000101010011110111000111010001100000000111101000000
0001010101010100111100111101000110001
000101010101010111100
000101010101100001000110111110000110000011010110101111011100011011101101010100100001110010101110011
00010101010111000011011101000011101001101110011100111110101100010101101110110110000100110011
00010101011000101011110000000110100101011110000100000111110010100111111110111001011111101110101011
0001010101101111111000100000000000110001000100000100100
00010101100001100011110111110010
00010101100010101010
00010101100100101100101101000001101001100110
0001010110011001001011011010001100110101000101101100001
000101011010101010011101100100011110000101110
000101011011111111011111100010011
000101011101111011011101100011010000111100100110001001001110010001111101011011010110
00010101110111110000111101100111011001110111110000
00010101111000111001011110110001111010011010111100011111101110000100001110100001111100
0001010111101011010010110011001001100011110000100011101010101011100111110
000101100000010101101000111
000101100000010101101101110010111011001110011
0001011000001110101100010111101
00010110001001101001001010100000110000110111000101110011001001
00010110001010010101000
000101100100101000110
00010110010011111001111000010001110100110
00010110010101011010001011000011111001110110010101001101111001
00010110011
00010110011010000011000111100001001010110010101010000100000001101100011011010000000
0001011001101001100011010110010000010111100000100011111001101011110111010001011011
0001011001101011100100011100110001100110001
00010110011100001111000001100110111101110000111110
0001011010000101010010101011001011101100010110100101110011100101100100010000001111
0001011010000111101
0001011010001111111010110110010011000100110001110101001
0001011011000110110010110111001010000110000010000000110010001101010
000101101101011100
00010110110110111101110110001011100101011100011
000101101101110100100001110011011100100010001011111111
0001011011100111100011110001110101010110100101110011000010111100001011110101101010110
000101101111111111100001011100111010000101100001010
00010111
000101110010001001010000011010101000010000101101
0001011100100111111110000001001001011101
0001011100101011100011011000
000101110011000111111001101001100111110110100111001111110101101100001011010110000
000101110011111100101010110000110010010100111110100011100000010101001010001100010111011111011
00010111010111010000100010101000001011111010
000101111000110101101011110001110001111111101011111001111001011001010000010000100010100
0001011110001111110010010001100100110100011101
00010111100110010011110010101100100101110100101010011111000110000111
000101111001101000111011100111101010111011
00010111101010110011001111000000001000101110111110101010001110110001011111111000
00010111101010111001001011010111011001110001000111101111111011111111010101101000111100111
0001011111000011001010100011110011001000110
00010111110010100001110110111001011011111010001100001111110000101001010011011
000101111101101110101100111011010000111001001101101101110010001011100011011
000101111111111000110010000010001101000100100010001100011
00011
000110
0001100000
0001100000000101111010101010010011100010110011110001101000000101
00011000001001001001111001101000101101110100000001
000110000010101010001110001111000010101010000101010100011101010111110010001000010101100001
000110000100011001100011010010001001001010110011011110111011000010111001
00011000010010001001111000010011100
0001100001001001101000111101000101110000000011
0001100001001110110000000100011101101010100001010010111001011101011011000010011000100100011111110
00011000010110011111011001
0001100001101101101110
00011000011100110101000110111010000001111100011110110101110001011111001001001100110
0001100001111010000100111101010010010111001010011000001000111010000
00011000100010001101100000000010110011111000000110011
000110001001011010011010000111000000110110101
00011000100110010101011010000011100101100
0001100010110011110101011100000101011100100111110010000111011110111001011001
0001100010110101011100110010100100010101011010111
0001100011010111001011001111001111111101111111100001011011111110011110111011100100
00011000110111010
0001100011101010010001111111111101010101101011111101100001010101111100110000101111110111110001000
0001100011110001000110111011000100001010000110101010100010100100011001010011011111000001011101001101
000110001111101101111100001100011011001111101010100000111101111100110100111001001100000010000100110
00011001000001111110100011100001110000110011010
000110010010001100000001010000011100110101000001
00011001001010010111110100001111110
000110010010110101110010010011110
0001100100101110110100011010110101001100101110011111010001
00011001001111011011011010010001101110011
00011001010011010001100011010010110000010110011
0001100101001111011100011011000110110
00011001011010011100000001
0001100110001100
000110011001110100111100001000010110100000110111001101111011101101000101100101010001010101
0001100110101010100110100100111011101101100111101010011111101010001110010010011001
000110011100001110111000110100001010100
00011001110010100010100110000001001111001101101110100101000010001
0001100111001100101101001111000110
00011001110111010100010110010011000100001101011010011111000110100001011100100111
00011001111010
00011001111010010110001100011111100011001011111111110011001101001000110101110100011101000001011
00011001111111011111110111001010000100000100101011000010110101101
00011001111111110101110011001001001100010001111111100010011000011010111011110
000110011111111101101100100001111100010001001010110011100110111101111011001111000111110101011
0001101
000110100
00011010000
000110100001011011100100000
0001101000011111000101111111100
000110100010000001111011011011111010101
000110100010001111000111010111000101101000100100001111101110110000010011110001101000111101000
000110100010111000000
0001101001
00011010010001010000101000100010011011011101000110100101101010010000110001
0001101001001010110101001000110111100110110110101000010000011110111100000010011100
00011010010011000001010010100110110000110111000001101101100011110111000000001100110001
000110100110001001001000010
000110100110110111011100001001111100100011000011010000110110110010100101
0001101010000110101111001100101011101001110001110000011110001111101011011011001110000
000110101011
0001101010111010111110010010010011100101110110111100011110100011001110011000111100110011
00011010101111111100111001001011000011111100101011100011001001011
00011010110011110101110000011111011101011100110000101110101101001100110110111100011111110
000110101110110011101001011010100011100101010111111111011101111100001100001000000001010000
000110101111010000
000110101111110010101000100101001110110001101110111100000110000001010110010000111010
0001101100010001110110101000111001111111100
000110110001101011011110101110001111001110
00011011001001
0001101101000110000010100011111001110000000111110000100111101010110001110000111110101011110001000101
000110110110111011000100010100101101010000000111
000110110110111101101000110100001000011110111011100111111
0001101101101111011010011010100000
000110110111
0001101101110
000110111
0001101110000001011100110111001110111110000001101001011011100001111010
00011011100001011100101011000011000111
0001101110001010100001100100111010010000111011100000
0001101110100110010111110111010010010100011000100010010111011001000111101101101111000010110100000
00011011101101011101100010010101001101011000110101011110011110011111000111
000110111011101100
000110111100011100000100101110011010001101000000000101111
0001101111010100101010101000100010101010010011100110111101
00011011110110001101000011010011101110101100011001001
000110111110011
0001101111110001101
000110111111001101110011101000101110111
0001101111111000110011010110001010101000010100011111100111110100111000000
000111
000111000
0001110000010110011100001110011101101
000111000101011110100010101110000111
000111000110001111111000111101110010011
0001110001110001010111100010
000111000111010111
000111000111101111011010100001100100
00011100011111010111001100001111101011010111001001000101101001001100001011101001111101
0001110001111110011110000001
000111001000100011001100111111110000101101011
000111001010001100111001001100010
00011100101001001111001100011110100111100111010100
00011100101100100000001000010010000101011000
0001110011000000110011010110110010110110110000011000100111011000101101100101110111110111001
00011100110000101010001101011100000110000001110011110100
00011100110101001101001010001111011110100111010000110010110111000101111010
000111001101101000011011000110101011100011101100101010001000101101001111100101111010100001101101
0001110011011100000111100111100000101000
000111001110001001100101011111110100101110101000011110110100100100000
00011100111001010000110010100101001101000101111010111100001100110101011101111111110100001
0001110011111010001000011001110110011111100110010000011010010001101011110111100101
0001110011111011111100001101000000111100101101011001111111100011101010110100100
000111001111111000101100111010110011000010111101000001001101100110110000001110101011110110
00011101
00011101000011101011000110101101101110001000100011111010110000111000
00011101000101100110011000010110011111000101100
000111010001110000011
0001110100011111000111010110101011001010000010110
00011101001000010100110110000101000110100110101111110110111110110001011000101010
000111010011110111111100011
00011101010011101010111011111101111110111101000001100110
000111010101
0001110101010110001100001100100100001010000111010010001111101110100010101000010011011100010110001001
000111010101011101111000001000110100101101100100101001011000101001111010000101
00011101011001101
00011101011101110011001010011011010001100101101001011010000110110
00011101100000010010101111001010110
0001110110010011100011010001101110101101111001011000110100101101101111111011110011110011
00011101100101001110100101010001111111010110000010100100111001111111111000001011010101100100110
000111011001111000
0001110110011110101011101100101111111110010101010011
000111011010110000111111011001111110001111001000010011100
0001110111000110111011111
00011101110010111001001101111101101000
000111011101101000100010000100000101111010111101001011110010101100000111101101
000111011101101010100001000110011100111110011000011100000
00011101111011001110000100111101001001000000101011010001110011111001
00011101111011001111001100110010101101001111001011111010100110010100000
000111100000000010100
00011110000111100101100001001010101010010010101011111010111010101001111100111
000111100010011100000111100011001110101111
0001111000101111100001
000111100011000011
00011110001111000
000111100100101110110100111110010101010001100010011011001001001010100001111100101
0001111001001101001010011001001110111000110100101010000000011110001110011000100110101111111101000
000111100101110001011111000100
0001111001100001000000110111011000000110100011011000
0001111001111001001101
0001111010000000000111001111
0001111010001001000000010001101111101
00011110100100001110011110000000000000100111111101111100
000111101001001010100000101100000011011010000001000001011000
00011110101011100101000111011100100110011111000100000110100001010010111110101000
0001111010110101101100101101000111000011100011110110001001000111000111111001001011001
0001111010111011100100111010011
0001111011000111111100101110001101100001111100001100001100110101
00011110110010011000110100011001010110001100100010001011001010000111001101000010000000111000001010
00011110110010101001111
00011110110011111011010110110010100000000011000100
00011110110100000010000010100
000111101101000001101011001001101011010000001010011011011111011001110010010111111
00011110110101011011001001111010010110001111110010000001011110010
0001111011111010100010100010001000110010000010000000010101011100
00011111000001101111111101110101110
0001111100001000001100110101010011111111110001111001011001100000111101101101000000011001111011
0001111100011000010100100010100000000110110011001101001100011111
000111110010010001000100000111110111100010010110110010010100001010101011100110001101100001001101110
000111110011
00011111010000101011001111100000101001000001111010010001011001101000001001101010111110000101001
0001111101000110001111
000111110101110110000111111010101
000111110110111
00011111011111111000101011101001100100101111101110001010010111101101100111101011010110110101100010
000111111001011111110111010110011010101010100000100111100100010001010111100110000101000010
000111111001101110100001101101110011010001110101100000001101111
00011111101100101010010100101000010100110111101001010
0001111111001011111111010001010111011100011
000111111101001101100100101110111000
00011111111100000111111
001
0010
00100
0010000
00100000
001000000000000101000000000011100010000010110
001000000010111100100010001000101011110000110011000010110111111111010101011011
00100000010010111000000011001010000000100010110000101111001010111000100011101100101001011
001000000100111011000100110011101
00100000011100100100101000101110011000110010010010000001001110100001001
001000001000000001110001100010110001101001000011000001001000
00100000100100010000111110
00100000100101010111110101011110110110001011101101110010000010011000101
0010000010011000001101001111011001010110010111110111100001101
001000001001101101101010001001011100000101011001110
00100000100111001101101101001100011110010001101110111011101100101011
0010000010100110101110100111000001001101110110110111000000
0010000010110011101101000110001010010101
00100000111111110010101101001000110010011111010111000001111101110011101
001000010000011100111111010110001110110001111101110111101111111111101110111110110111110
00100001000011011
00100001000011111101100010010010010101110000101010001100100011111100110010100100
001000010001101111000111011101
001000010001110110110000101011110100100101000010111001
00100001001011011110100100100111110101000000
00100001010001000001011010000101110000110101111110100001101000011110111100100010011010
001000010100100011110011101000101001110000110100010001011101011111111001011000100
001000010100110100110111110001000000010110101100000100010100001111111001110
001000010101001101110000000110100100000001010011010001000001111011000
00100001011
0010000101100101101011101001011000111011001001011101
00100001011010010101110011001011111
0010000101101001011000000110001
0010000101110000101011110001100001000110
00100001100000101001001001010000110110100101
001000011000110100101011110010100111110010
0010000110101110111101100111110100001001111100000010011111000111010001101110001110110111010
0010000110110100110001000011010001100001111001011101111110111000000011
001000011101000110111010001000101
001000011101101100011011001100111110011000011001011001010000111001011110100001000011000011
00100001110111000101101100110000100011000001100100010101111010101101110
001000011110101110100110001001000001110000110100010
001000011111101
00100010000101000001101100110100011100000100110110001110110101
001000100001010100111111000111000011110110111
0010001000011110110001000010110111000111101110000
00100010001101000100001000010011110011100000100011000000001111
0010001001001100001101000111001001110011101
0010001001010111000000001000
0010001001010111010011111110
00100010010111001100011110110110000000010
0010001001100010101001111111111111001100101011010110111111001110100011010010111000110100101000110
001000100111011100001111001
00100010100
00100010100010101101101110001111010110011
001000101001011011001001000110100001110000100010011010111010011001001
00100010100110001010100011111111001101000010101011111100100010111001000011000110011
00100010100110111001110100010100011111100111111011000111111100111101010011111001110011110
0010001010111001001000010011110111110110000001010011111000101011010010011011100001111000
00100010110110011110101110101011001101011101100100101110001010110100
0010001011011100101011110000011011011010110010011000001011100110101100001100111100
0010001011111100100000010110011110000101100101100101011011000101001011111111110111
001000110
001000110011001011000111111011000111111011000100111010100011101110011001010111011
0010001101
0010001101000101000111011110
00100011010111010000101000010111011111100111100001010111
001000110110000100001000111111000100110100100110010110000101101110011100
0010001101101101110011010101000111010110010010011010000001101
0010001101110110000011010110001101111000110011100111000111100110110111111
0010001101111010011011000111001111001111111101001010010
001000111000001111111100000110010000110110100011111000
001000111010001110101110100111001011010111011010110100101101011101001010
001000111011001101100011000100000100111011010100000010000010101110101100010110110110111010
00100011101110111000000010100110101001011000011110011101110111001011
0010001111101001101010011001
001000111111001101010011100010001101100000111001100010101001101
0010010000100100111010111111100101101001100000101110111001101111111111011100110100011100111110
0010010000100110001001111
0010010001000010101101010100010110100111011011001011111100011000011111
001001000101000110100010010011111011111111101111111011001101110000001100011110110001111
0010010001010100010110000100010001011000111101111000000000011101011001011000
00100100010101101101101
00100100011010000100011001010111011111011101101010000100110000111111000010100
00100100011110101100101101010110010
00100100100100110111101011110
0010010010011111111100101001110011110011101010000111001010000101001010
0010010010101000101111010101101011101101011010010110101001110111110111111101011111010000100101
001001001011
0010010010110011011000
0010010011
0010010011101001001001000001010101101011010001111100001001110000101
001001001111100001000001000101010001011101100001101000101001001111010011100000000
001001010000110000101110010011000110110101100111111000110101011
001001010000110011110000111111100100100100000111001111001110011100001110100010100010110
00100101000011010010111110011000101101001110100000011111110010001011000111001101110101
0010010100100100111010010011011110100010100001010110111000010100000010110001110111000010101
00100101001001011100110010110000110
0010010100110100
0010010101100010100001001111000101100101001101011100011101110000100
0010010101100011111110001110011000100111111001010100100001010000100001100010111100101101101100101010
0010010101100110101010011110010100010100001111101010101011
001001010110100110101100111101110101110100110000110111110
0010010110001010110100010100110011111100110101110101010111111000001011111010000
0010010110011001110111100011101011101100010001001100001011100110111010100110000000000100011110
00100101101011100101110001100010101100011010110011010001001
0010010110110000110111100101011000100001101011111100010100110000011000000000
0010010110111111000001111000101110100110100000101001001111010100
0010010111
0010010111000000001000101000100000000101101001000001001011
00100101110000111011000
00100101110001001000100011101010001001010011000111
001001011101010101110011011110100100000011001111011011000101001011001111010011011101110111100101010
001001011111100101001110110100000011
001001100001010111010011010111001110111111101011010010111110010
00100110000111100111111010111000111001000011001111000000110101000
0010011000100111110101110011011000101011
0010011000111011001001011000001000111010100101011000000001000011000110101011010110100111
0010011000111011110111011110010
001001100011111110101100110110111011101010111110111101000111010011
00100110010010010101100111000010111110010110110101100
0010011001101011000101010111011011
0010011001110111000011000100011111111000111110000110
0010011010010100
0010011010100000001010110010110001010011010111110001111001000000100011100111
00100110101001001010101101100000101110000111010101111001001010101010111000101010001111110011101001
001001101011011010010111001000011110110010111010011111111111110110111111010001
001001101101111101101011101100101101100110111101111111001110
001001101111010011111000001011000110101011111011101100111100000100101010010001
001001110001001011111100011001000000010011000010111111100010111110010001110110101100101
00100111000101100001011010111011000011101111
0010011100010111110001100101010010101010011001001010101011101000111100111010001011
00100111001001101000000000110101100000110101001111000000011011010011001011000111011111111111100
001001110010011100000011000110001101100011000100100001110001111011011110011110000111011100111011
0010011100100111011110
001001110010110001001010101101101010000100110110101100
001001110011000000110001100100000110000000110001000010010000010111110110011011011000011000110
001001110011001010000
0010011100110101111011001100100100110010010000001111110101110011001100010011101
0010011100111001101101010100010111101001010110101011010011110000101001
001001110100011111101011011010110010011111101111001101101100100100110001100001011010
00100111010101010000000000100010111101011010010001010000001100110010110110101001101111011000110
0010011101011100101111
001001110101111111001000111110110100000101110011
00100111011000110100000110100110011010001101011011001010010011001000000110101010101
0010011101111011101111001001011111111
0010011110001100000111010011111010100011001101100001010010101110111000000100111010111001100011000
00100111110001000111
00100111110001100010001000100000001110110110111011001000011001011110001101100111101
001001111100110100110101011110111001000100100011000001000011000100001001010101010000000111110
001001111110100
001001111110101100010011100011110000001100101101110110111000011000000010100101101
0010011111110000
0010011111110000011000100001
0010011111110001011001101001000
0010011111111010100010010111000100111111010010000000101011100100001111000101001011110101010100101
0010011111111110010111100010100011000101100100
00101
0010100
001010000000011011001011110110001100011110011011111110110010101110001011000101101001101101011000101
001010000001100100001110011000001101000111100000001
00101000000110100001010001001011101001110110010010111001100000110100001001100110010010011110
001010000010
00101000001010011001001100111010110010100101010100
001010000100011111010001100111000000011011000111101011101000
00101000010011111001100111111110100011
0010100001011000111110110111
001010000101100100101100101001011101001001111011101111110110011010101
00101000011000011111110001100101001111001011100110
00101000011000110010111101100100101011101110111
0010100001100011110100011001
00101000110010111000100111001010
001010001101001001010010111110011010101110000111011110001000100001011
0010100011011111101010110100000000100011011101110101000100110101011010011101010100
001010001110011000111101111110
0010100011111010011101111010
001010001111111011000111101110111100110101101111000111100
001010010000110111001111110111100010101011110000110000001110011110001101101110011111
001010010001100110
0010100100011100001101001010111001011111100010101001010010100000111101010011111001
0010100100100001111001001000000011101111011110
001010010100000101001000110110110011101101001101
0010100101001010101010100110001000000101101001000110001110101010011011100101011001111110001100
0010100101011111101100010111011010101011111101001110001110110011111110000000000011011101111
00101001011110101000001110101101001111100111111000010101001001010110011000000000001011
001010010111110010110001100110110001001101011100100111110000001000000001110000100110000101001
001010011000010010100010000000111100111000110011101100100111111011011000111001
0010100110001100100100111001011
0010100110001101
001010011101000011111011011111011
001010011101000111001
00101001110111001011110101001000110111000011001011100001110011
001010011111000010110010110011101000101000111100100010
001010011111110100001010
0010100111111111000111010001100011110000111101011100100010000000101000
0010101
0010101000000110011011000110101000001001101010000101101100001000101010011010001111001000011
0010101000010111110
0010101000100101000100
00101010001011000000110010111100010001101001000110000010011101010
00101010001101110111110011110101000110111001010111010001101101101111101
001010100101011001111000
0010101001100101010100001001011101100010001100111101011100000100100
00101010011100101010001010001110110
0010101010001011101001010000
001010101001010011110000111100011100001000000001000011101101110111001010101
0010101010010110100011001001110110010000100110011010101011100100110100101110111110001001
0010101010110101111111100010100
00101010101110101001000110111011111101010101100000
00101010101110111110000001101001111000100011010011100100110110110011011100111100
001010101100110011011010001100001110011110001000110101101110010111110111011100000101101100110
0010101011010100111111010111011010111010100110010000111100000011110010111101000000000
001010101101011001011011000100011101101001100
001010101101100110111
0010101011011010011011011
00101010111
001010101110111001100111101001001101101000011001100110110001110010001
00101010111111100100100010000001110010101101110110011010001011100010011000111100110101000
0010101011111110111001001110110100000111110111100010000111110001001111
001010110000011100101010000010000011001111
001010110010011000011
001010110011110000010011011110111000011011101011001011000010111010010110
0010101101
0010101101010111001010100001
0010101101011011111011011000110100111001001110110010000110100010001010000100101
0010101101100101100101001110011011010010010111111000000011011001110101110111110001
001010110111011110101100110010010001010101000110010100110010011101100111111000000011010111110001
00101011011111000000111
001010111000100010000100001
001010111000101110100100001110001001001011100
00101011100101100111
001010111011101010011010
001010111011110011010111100101010001111011000110010
00101011110100000011101100100101101100000111100101001000110011101
001010111101011001011011101011011011011110100110101000000110
00101011111011001111011000111101
0010101111111110111001000101001000001000010111101010000010110000111001111100000011110
001011
00101100001001010100110010001111001001100110000000
001011000010100010100101110010011101011111101001000111000111111011011001011100010001
001011000101100001010001100000010011010000000
001011000110000111000100001010110001
00101100011101111111100010101011
00101100100010001011100010100101001001110101011111011100101000101100110100100101010
00101100101110010110101101000100011110001010111010111100111
001011001011100101111100000000110111011011000100001000010110000011100010
001011001011110110100000001011100000100101011111001111111111000001110110
00101100110010111010110011100100
0010110011010110111001100100010100011011101100100111100111
001011001101111011001011110001001110101001100001100111001100010
001011001101111110111100110000001010111110001
0010110011110001110110001011110000100100011100110100011000001100010001000011001111001100
00101101000
001011010000110010010010011010001001101
001011010011011000101000011100101110011111
00101101010001010011110110011100000010100110100101100101001100111101
00101101010110011
001011010101110010111011110110000110000111101011
00101101011000000001000100110001001010101000011100000111110101000000111101
00101101111001001010010100001101011110000
0010110111101011100111110100101000111000111111111000000011000011110110100010000100111011000110
001011011111111101100110010110000100100010000100101000010
0010111
001011100001100101010111110100011010100111110000
001011100001110100000011010
00101110001010110110111100001101111010101100
001011100010110001111111110000110011101110100001100001000110001110110101
001011100010110101011000110010101101111000001010011100010110010111110111001001110010110010
001011100100100101001001010011000000110101001100111000111100001000001110101
001011100110001000111000000
00101110011100011100000101111010011010001010
00101110011101011101110011010
0010111010
001011101001101100001111110001111111011011111
001011101010000011110100100110001100100101
001011101100001010010010001101011100101000001101
001011101101001100000000010010111101010100010001110100110101000110001101110111111001000
00101110110101111010111
001011101110101101111111001100101011110101011010011110100110101110010101101
001011101111011100011111110001001101011110110000001001010
001011101111101110100101011010001001011111000001011110001111001101100111110101110
001011101111110110110110001010010011110111111001111010111000101110010010011111010011110111
001011110001011100010011001001001001111111001111
001011110001101000100010101001000010100010110111101001
00101111000111011001101000111101001010010000
00101111000111011010000001000001
0010111100100110001100110000100111110100110111000000001011
00101111100000110000010111
00101111100001001101111000110000011001100110101000
00101111100100100110
00101111101011110011111001011111011101111011011000110011010100010001111011100
0010111111001000100101101111
001011111101000001100111110010001001010001110111101001011101111001011101011011
00101111111111
0011
00110
001100
0011000
00110000
001100000001011111011101000111111110111010000001010001111100011101111110001
001100000010111111101110101011100000001011001001000101110100001101001001000000010001110000
0011000001000111000110000
0011000001001010010110100111101100100000011101010011000000100010011000000111110001000110100
001100000100111001111111001100110001100010010100110
0011000001011100100011001010011110011010110010110001110000010101100100
001100000110101001101000010010000100100110110011001111001111011110100111010000011111111000101001
00110000011100010100001101111011110001010101101001101011111110
00110000011100101110010001001011110001100001110010101001111
001100000111010000
00110000011111110101000011001
00110000100011110111110010101100011101101000001011000100011111110010010110011101110010
001100001001100011100011011
001100001010110010001010111010011100001100011110110100010101110011010010111001100000111100001
001100001011011000110111101100011100000010100100110001000100010101101011010001
00110000101110001010100110
