1011111100111000
101111111010
10111111101101011001011001001010110101
101111111100110110011111
10111111111011100000111110100101
1100101011
11001010110101101111101
11001011
1100101100011110110110101011111
1100101100111000001111
11001011010100111000110110111010101
1100101101011100110011111101101
11001011011010011110100001100
110010110110110100100110
110010110111001011111011111
110010110111101
110010111010101
110010111101111011011111101110011
1100101111101101010111111
110011
1100110
11001100
1100110000000
110011000010110110100000
11001100010011000
1100110001001101110100110101011110010101011
110011000101000111001001
11001100011010111001
110011000111
11001100011101
110011001010111111000111111110101001011
110011001101
1100110011010
110011001101111110110010011
11001100111
1100110011100110101110000011010000
11001100111100010111101000
11001100111111000000110110111010000111000
110011010011
110011010011011100110011110111011
110011010011111101
1100110101
11001101010
1100110101010010110
110011010110100101111110110101
110011010110101101000
110011011001110111011010101101
11001101101
110011011010011010
11001101101110010101110011001010
110011011101
110011011110010001111101
110011011110100001100
110011100101110100001110111
11001110011001101
11001110011011011101110110011100110
11001110011111011010001111101
1100111010001001101001101010101
1100111010011001110101001100000100101011
1100111010100110111011011111
11001110101111001000100111
110011101101000101
11001111001011
1100111100101111010
110011110011001100101011001111110010110100
1100111101
11001111010
11001111010011111011001001111100110111100110
110011111
11001111100010
110011111001
11001111100101110110110100111011111110
1100111110011000011001011001010
1100111110011110101101
11001111101
1100111111000101010111011011110000111
11001111110100001111011100110110011011110101110001010000101001110110101101111100110
1100111111011
110011111101101101
110011111101110011000110110011001010001101
110011111110110101110011
1101
11010
110100
11010000
110100000
11010000000
11010000000100111111110100110000101101111111000011001110100111010111
1101000000101000
1101000001010
1101000001100110101100110111101
110100000110100
11010000101
11010000101000001010101000001111010111010011
11010000110010110110010101101110100011
1101000011011101000101111
1101000101111
1101000101111110111010
110100011010000
1101000110100011101011011100111001
11010001111001100000111110110010110110101101010011110100111
1101001001111001111111110101011010001111001101
110100100111101
110100101
11010010100
1101001010000
110100101000010011110010110001010
11010010100010100010100010011
110100101001101000
1101001010011100000011001111100000101111
110100101010101101101101
11010010101111110
11010010110011
1101001011010001110110
110100101101011010111000
110100110010101011101000
110100110011
110100110011011111110101101111001101011010111010000
1101001101010101110011011
11010011011101
110100111
110100111000
110100111001000
11010011101
11010011110010000010110
1101001111010011
1101001111011100110111
1101001111111010101101111111110011111111000
11010100110001011010
11010101
110101010
11010101000
11010101000101
1101010100110011001101000010111010
1101010101110000001011011100111111101001101000
11010101011100001101
110101010111011111101111101011
11010101100101010110
1101010110010111010111001
11010101100110110100110111010011101011111
11010101101101100110
1101010111001101110111001101111000110011111000
110101011100111100110
110101011101110111111011101110011101
110101011110000110110101010111001100
11010101111000111
110101011111111010010011101100111101
11010110010101100010100101
1101011001010111011010
11010110010110111010110110110111101001101010000001101101011101010
1101011001110011001010110101011101011010011010
11010110011101
11010110100
1101011010011001101010
1101011010011010111000100011101
11010110101010
1101011010110110011101010101110110
110101101100111101
11010111000
11010111000010
110101110011110100110001010111
11010111011111001110011
11010111100
1101011110011000111110011000000110011111111
110101111001111
11010111111010100101
11011001011000101
110110010110111100101100001100
110110011
1101100110
11011001100000111001
11011001101011110110011000111011110111
11011001101101
1101100110111
1101100111010
11011001110100101
11011001110111101
1101101
11011010
110110100
11011010000
1101101000101
1101101000101101010101101111000101010010110
11011010010110100000
1101101001101
110110100110100000
11011010101
110110101010101010010101101110011011101101111100101110111101
11011010101101101
110110101100110010111101000011000111
110110101110101101
11011011001110011
11011011001110100
1101101101
11011011010111111001001111010
11011011011111010011001010101111001101001111010
110110111001011000111010000
1101101110011111
1101101111
11011011110010101011
110110111101000011
1101110011
110111001100
110111001100001011011101001010011100001111
11011100110101
1101110011011001110110101100101100110100100110101000110011
11011101
1101110100
11011101000000011110010111
110111010000111000101010000110010110110011101
1101110100111011111110111100111001100
1101110101010111111111001000111101101011011
1101110101011111001101
110111010110011001010
110111010111
11011101100111110010010100110110001100
1101110110100
11011101101000101010100111111010100
1101110111001011
11011101111
1101111
1101111000
11011110000101100101101001011010011101
11011110000111111
110111100011
110111100110000001110100111001111011010110110110111010
1101111001101
1101111010011111110011111110011111111
110111101010101011100110110011001001100111
110111101011
110111101100101101111101100101101101111000111011101111
1101111011010
11011110110111001101011010111101
1101111100
1101111100101011111101011101
1101111101
11011111010000001110100100110000000
1101111101000111001010000111011010101111
11011111011
110111111011101
11011111110001010101010010101010101110110110011001101000001110010111011010110100111111110111
1110010110011111101010000
111001011010100110111011110000000
11100101101010111
11100101101111001111111100110111101
1110010111011111001010
111001011110011
11100101111011001110100
1110011
11100110
111001100
1110011000
111001100100110000
1110011010011011110001100000001
1110011010101010110111110011
111001101011010111
1110011010111111011101111100
111001110011000
111001110011001011011011101010101111001111100111010111101
1110011100110101000
1110011101
11100111011010000
111001110110101011111111010101011010
11100111101
1110011110110010111101110100000
1110011111
111001111101011000111111110111110111101111110111
1110011111101
11101
111010
1110100
11101000
1110100000
1110100000011010110101111011
111010000010011
111010000101001110110110000011111110100001010110111000101011110111
1110100001100111100110
111010000111101101
11101000101
1110100010110111001101011111010011
11101000101111
111010001011111010111010010110
11101000110100
11101000111111
1110100100101100101000
1110100100110000
11101001001100000111
1110100101
1110100101101
111010010111001100110011000110111010010111110011
1110100101111
1110100101111100
11101001101000101000
1110100110110110011
111010011100010
111010011100100101111
111010011101
1110100111111
111010100101101111101110111101000110111010110101010101
1110101001110101011101
111010100111111110111111
111010101000101001011111000110010110111111001101101011110111010110111001110101101011100111011
11101010100110111010111
1110101010111
1110101010111000000111101
1110101011101
111010110010110
111010110010111110100110100011001111010000110
111010110100
111010110100001010001101010100
111010110100001110110011101111
1110101101101
11101011011110001100110111101100111101
11101011011110010000111110111
11101011011111000011010111001110011111010001100011011
111010111
11101011100010001111111
111010111011110011
111010111101101
1110101111111101011011001011101001101100110
1110110011
111011001100111
11101100110101
1110110011011110101111011011101
1110110011100110001001010110111101
1110110011111000
11101101
111011010000
11101101001101
1110110101011011110111011111010
1110110101100111110011000001111
111011010111
1110110110111110001110101
11101101101111101
111011100101111110111
111011100110
111011101
1110111010
11101110100
111011101000111111000
111011101101
111011101111
11101111
111011110000011111110101
111011110001011011011111
11101111001
111011110100111111011011010110110100000
11101111010110010101010110000000001101
1110111101100011100001000110101010100000
11101111101001100
1110111110100110010101010
11101111101011100
111011111101101101100110111011110011011110111
1110111111100
1111
1111000
11110000010010
111100000111100101001101010100111001111001101100110001010
111100001011100101101011101101
1111000011
11110000111
1111000011101
11110001000001100110110011
11110001000100011
1111000100101011
11110001010
1111000101000101101111000
111100010101010001000111111010011011111010111010111000011
11110001010111
1111000110001111010111000
11110001100110101
111100011101001110100
111100011111101111011010010111101101010100
1111001
1111001000001000110011110111100101111110111
11110010000010101100010
111100100011100101110100110101101101111
1111001001
1111001001001
111100100111011101000001101010011111
111100101
11110010111
11110010111101
111100110001101
111100110010
11110011001000001100
111100110011011100101111100111
11110011010011111
11110011010110110101010110111010
11110011010111101
11110011011101
1111001101111101
1111001111
1111001111000
1111001111010011101
111100111101100110011110110111011100111101101111
1111001111101111
111100111111010111001111100111110011111011111110111
11110011111111110101000110011101
111101
111101000110010110001101011010
111101001000110101010010110100111110100111011011001101011011101001010000
111101001010010111000100101110100
111101001010111111001010011010111110111010111
1111010010110110110111101111010101
1111010011000101110100010011
11110100110100011
111101001110010
111101010
1111010101011
111101011
111101011001101001011100111010001010001011111111101101011100001111
1111010110110101111101010110010110100010100
11110101111111010101011
11110110
11110110001110000011
111101100011111101110011
1111011001101101011010100
1111011010
1111011010010
1111011010010111101000111111010101010111011110111
11110110100111011
111101101010
1111011010110010111100110111011000011
11110110111101
11110111
111101110111000010011000000
1111011101111110111
1111011110101111011001111101100000111010
11110111101110011010011
1111011110111101
11110111110011101111001101
1111011111011
111101111101111110110110110111
1111100
111110000100011101011111011010110110110111101
11111000010011100110
111110000101010010
111110000101111
1111100001011111111101000110111111111101000110010111110001010
111110000110001100
1111100010
1111100011
111110001100001110100110100
1111100011001100010011101011110011101
111110001101
111110010
111110010010
1111100100110111111101001101100111010000100111010101
1111100100111
111110010101100000011
111110011
11111001100000001110001101000
11111001100110011110110110101
11111001101101100011010001010010111101000010111101101000111100001010100111101111111
1111100111
1111101
1111101000110110001100101011110101001110110011111
11111010010111001111011100110
111110101
1111101011100111000001101111
11111011
111110110101110110110010110000111101000001
11111011011001101111110010100
111110111
11111011101110011111
111110111110011111110110101
111110111111
1111101111111101010100110
111111010111110100111110010
111111010111111011011110110011011100010010110111
111111011
11111101100
11111101100111001
11111101101101101000101001110100110110010101111001101101
111111011101000111000111101011
1111111
11111110
11111110001101000000000
111111100100110000010100
111111100100111110101100110111001111
11111110010100100111110000110000101100111
111111100111
111111100111010010100010
1111111010111001101101
11111110111
1111111011100010
111111101110110
11111110111100011110011010101010101011101011
1111111101000
11111111010010101010001101011011011010
11111111010100101110101110110001101111001
11111111010101101011101
1111111101010111001011000
11111111101010101010011101001011001011001010000
11111111101101000
1111111111
11111111111001111101
111111111110111101110011011101111011110110111111
11111111111110
