11011101101101100110111111
11011101101101111111000
1101110110111001100101010011
11011101101111111
11011101110011
1101110111001101010
1101110111010
1101110111010011111010110001110100100110111
1101110111010111
110111011101011100100011001100
1101110111011111011010011100111101
11011101111
1101110111100000101100111100111001101011110110
110111011110001011111101011100110011101111101111111101111
1101110111110010101110101010110111100101111110001011
11011101111100111
11011101111110110
11011101111111
1101110111111100
1101110111111110100100110110100
11011101111111111
1101111
1101111000
110111100000001110010101100
110111100000011001100
1101111000001010111
11011110000011010100100111111101010
110111100010
11011110001111
1101111001
110111100100000111001011
110111100100010111
11011110010011101101011111011
1101111001010011100011111111001011001111110111
11011110010101011010111111011
110111100101011
11011110010101100111011101111100
11011110011011100111110001111101
1101111001110101110100001001111001011
1101111001110110010011111001111101
11011110011101110100
110111101
1101111010001011111
110111101000110000110
11011110100011110110111101111
1101111010010001100000
1101111010010110111011110111
110111101010
1101111010101100011011010111010111001111111011101110011111
110111101010111110111
110111101011
11011110101110011
1101111010111010111111101110110110011
11011110101111011
11011110110
110111101100001100000011000
11011110110010
1101111011001101110110100
110111101100111010111111110111111001110101001101111001010101101110111000
11011110110100000
11011110110100011100100011100101010000101011101101101111001100100001111
11011110111
110111101110001
110111101111
1101111100
110111110001010110
1101111100011101
110111110001110111
11011111000111100110101001110110000010110111000
110111110001111111011001110011110011111010101010110
110111110010
11011111001001101
11011111001011
110111110010110111111110111111101011011101010
110111110011
11011111001100000000110
110111110011000011
1101111101000010110000001010111
11011111011
110111110110010110
110111110110101111
11011111011011
110111110111
110111111010101100
11011111101011
110111111011000000
110111111011010111110111
1101111110111010010011000
1101111111
11011111110
110111111100
110111111100100111101100110101
11011111110101
11011111110110100101101111
110111111101101100101011
11011111110110110111001101110110110001101011000
1101111111101110011011010111
1101111111110110101101010110010110111000
110111111111100001111
1110010101011000101101101111
1110010101100
11100101011000000000011110010
11100101011000101
11100101011011001100
111001010111010
111001010111011110000111010011001101
1110010101111010101111
111001011
1110010110
11100101100
11100101100000111100000010110101011111011000
111001011001001100010110100101
11100101100100111101110110011000100111010111101
111001011001101000000
11100101100111001
111001011010110100000000001010
111001011010111011010111100111
111001011011100100011101110011001100110101
111001011011111111011100110001101111000111
111001011100101110010111111111111010001111110001011000111000000
1110010111001101110111011010110001010110011
1110010111011010000000110111010110100010100000110111010000
11100101110110101101010011
1110010111011011111110000101
11100101111001100010011110011111000011110110111
1110010111110111110011
11100101111110101110
1110011
11100110
111001100
1110011000
11100110000
111001100000011110011
1110011000000111101
11100110000110101011101
111001100001101111
111001100001110010010000110111101000011001011101
11100110000111111
1110011000100110
1110011000100110101
111001100011010
111001100011111111011010111011010001111111001110100111110000111110011
111001100011111111011111111010
11100110010101111011
1110011001011111110
1110011001100110101100110010010111101000
1110011001101011001011010100001011110011011
111001100111
11100110011100011101
11100110100101100
1110011010011001110101111111001101101111100001111
111001101001101001100101
11100110101
11100110101000001111101111011110000001011010100010101110000111010100111010
11100110101101
111001101011010101
1110011010111110110011111
111001101100111010000111001
1110011011001111101
1110011011001111110101101010101011001001100001010101
111001101101
1110011011010
111001101101000
11100110110100000000100101111101111
11100110110110111101011
11100110111
111001101110010000110000111011101
111001101110011111110110
1110011100110
111001110011110101010110010110111000100101100101010011
11100111001111011101
1110011101
11100111010
111001110100
1110011101001011101101000101000
1110011101001111110011110000111001111010110110010110
1110011101011010101
11100111010110110100101000101001001011000
11100111010111001
111001110110011101000
111001110110100000110011001111000001110111
11100111011011001010110011001111110101
111001110111010
1110011101110100011011010
111001110111010010010111010101001110101100001011000100110000010100101100110
1110011101111
111001110111101010
111001111001011001101
111001111001011010101100110101000
1110011110011
1110011110011101
111001111010000000
1110011110101010010011111111000
11100111101101
11100111101111
1110011110111110010101011101011011011111
1110011110111111111011110001000101101111111111
1110011111
1110011111000111
1110011111001110110000
11100111110100001111111110010111110100011
111001111101000101011111101101101101111010110111001101110100011101111011011010111101111011111
11100111110100011001100
1110011111100010111011111000111001101101111111
1110011111100101101110101101
1110011111110110111
111001111111111100011101
111001111111111111011100110101001010
11101
111010
1110100
11101000
1110100000
111010000000000011001100101111
11101000000011101111
1110100000001111001011
11101000000100101100101111100010101010101111001010110101001110011001101110
11101000000101011101111
1110100000010111011110111000001
1110100000010111100000011111110011001001111100010
1110100000101011101100000
111010000010110011111000110001
111010000011011011010010101100110000
11101000010011001011110000001101
111010000100111110010110100001011
111010000101001010
1110100001010110100
11101000011001110100
11101000011010000
11101000011011111110
111010000111
11101000011100000011000011
111010000111011100110101
1110100001111110
11101000100110
11101000100110001001100010101010000
11101000100111110101011011001111011011110001100111010
11101000101
11101000101000100110010110100011111111101010
11101000101010110100111001
111010001010111100
11101000101100110
11101000101101000
1110100011010001101001101101111111010110101110000101111010
1110100011010010100000
1110100011010111100111
1110100011011010
11101000110110101111111101011101111
11101000111
11101000111001101
11101000111011100110
11101000111100100010001011111
1110100011110111011111
111010010011
11101001001100
111010010011001010001010000
111010010011011110010011101011100111010110011111000
11101001001110011100101111101101110101011101101110110011
111010010100
11101001010001010
11101001010010100001010011010
11101001010101111101
111010010101110010011001010110111101101101101
1110100101011101101011110011000
111010010101111011001010110101
1110100101101011101101111101010110010101010110100110001101111001
11101001011010111110110110011101
1110100101110110100110101011111011111011
111010011001111110100001011000
111010011010011101010110
11101001101010011
11101001101101
1110100110110101110100110101111010101011
111010011011101000010100000
1110100110111011101
1110100111
111010011100011
1110100111000110011000101
1110100111000111
1110100111001000111
1110100111011001111
111010011101111100111010101
111010011110010100001101110
111010011111011011001101101
111010011111111011110011000010011111111011
111010100101100
11101010010111010111100
111010100101111001100111010000110111011010000011
11101010011000011001100
11101010011101101110110100110011
1110101001110111100111110101110000011100010
1110101001111010111
111010100111110101011010100
111010101
1110101010
111010101000
11101010100010100
1110101010001101011011010011110101110011111100
1110101010011001101101111000010
1110101010011101010
1110101010101101
1110101010101110111010
111010101011010000
1110101010111
1110101011001011101101100111010101101000
111010101100110000110100000110111110111
111010101101
1110101011010
111010101101000
111010101110011
1110101011101111111
111010101111
11101010111100011
11101010111100100010
111010101111010110001101010101101100111101001111111100110
111010101111101
111010101111101001101110001010
111010101111111111100001010101000
111010110010110010101110000101011100101011
111010110011
1110101100110
11101011001110100000110111001010101011111101101101111
1110101100111101
111010110011111
1110101101
11101011010000101
1110101101000111000
111010110100110010111001100000
11101011010110011101101111001001111110100
111010110110011101001110111
111010110110100100110
11101011011010100101011000
11101011011011110100111110001111111001110100
1110101101110011000111111000111001100
11101011011101
11101011011101101
111010110111100001011
111010110111100011110110110111111111101
111010110111101110011
111010110111111110010110110101101011011101111010001011
111010111
11101011100010010101101111110
1110101110001101110101011010
111010111000111011001111010000101
11101011100011111011
11101011100100101011110101100110011010
11101011100101
1110101110010111000111000
111010111001100011111111
1110101110011111001011000
11101011101
1110101110100010111101
1110101110100101001011101001100011000111111
11101011101101001111
111010111011011111011
11101011101110011101111011001111
11101011101111
11101011101111001010110
11101011101111110111001011001110010110
111010111100000111
11101011110011101111
1110101111001111110111010101101101010011111
111010111101
11101011110111001011100110101
1110101111011101110011011001111001110111110000110010
11101011111100
111010111111010100
1110110010101100111
111011001010110111111
11101100101100011011101011100110110101110111
11101100101101010111000001011010001110010110000101
11101100110
1110110011000001001111110011
11101100110011011011010010110111110111011100111111011
1110110011100101101010011100000011110011101101000
11101100111001011011101101010
111011001111101
111011001111110101111010001010
11101101
111011010
1110110100
11101101000
111011010000
1110110100001111110101
1110110100010111111011
11101101001010111001101111001100110111001110110111100000111101
111011010011011011100110011101
11101101001111110111110110
111011010101000
1110110101010001101
1110110101010001110101010101011
1110110101010101101000011100011001011111011010111011011111100111101
111011010101011110000110111101
11101101010110011001001011
1110110101011011010
11101101010111100101100001011100111010101011101000110001
1110110101101
11101101011010101011100001101111110110100101011011001111101
1110110101101010111001101010001111010011100101100
111011010111100101100011100001011100111101
111011011001011010010101110100
111011011001100
11101101101
111011011010
1110110110101101011011010
111011011011010111101
111011011011101
111011011100101011000
1110110111001011
111011011100110
111011011101
11101101111
11101101111000011100110101100101010111010111100111101
111011011110011110000111000000101011101101
1110110111100111101001110111111011010110011010011
11101101111100
111011100101011
111011100101100000011101
1110111001011000101
11101110010110011010000111
11101110011
111011100110
111011101
1110111010
111011101000
11101110100000110011101010100000101001101
11101110100001011010011010101
1110111010000110010110010111001100001101
1110111010000111010101101011010010100111001010000101110110100010111111111010111
11101110100011101
111011101001101000111010001110111111011101101110101
111011101001101101
1110111010011100000101010111010011001010
1110111010011100001111001100101011111100
11101110100111011010100111
11101110101001101001100
1110111010110111001100
11101110101110111
1110111011011101101
111011101110101011101111001100000101100111101
1110111011101011111110011001101011011111001000011000011010011
11101110111101011101100101101101111110101010111101
111011101111101011110110011001101
11101110111111010101011111
1110111011111101100010100101111
11101111
1110111100000110010
111011110001011100110101111100100011101011111
1110111100100011
111011110010010110001000110010100
1110111100100110000011
1110111100100111110100
1110111100101
1110111100110010
11101111001101
1110111101
1110111101000010101011101000000
1110111101001111
111011110100111110110011
11101111010101101010111111000
11101111010110111010111101101011000011010100
11101111011000011001011
111011110110110111010100101000
111011110111
11101111100000111010101001011011110101
111011111000111011111
111011111001001011000
11101111100101101
11101111100101111
1110111110111011
111011111011101101001100010011
111011111101010110101
111011111101100
11101111110111001100
111011111101110011111
1110111111011101110100000110111111101011101
111011111110
1110111111100
11101111111000000101
11101111111011010
1110111111101101001101011011011010000010100
11101111111111
11101111111111001010110010110101
11101111111111011011110111
1111
1111000
11110000000
111100000001010110101000110101111011
111100000001011
1111000000011111000111
11110000000111110011110111111111
111100000010
111100000010111111110010010111010010100
111100000011
11110000001101
111100000011110100101111011001011000
1111000000111111111
1111000001000
11110000010001011011100110000101111011001010110111
1111000001010100011000
111100000101100110001111010111001
111100000110010111110011110
11110000011010101101001011101
1111000001111100
1111000010
1111000010101100111
11110000101100010110111100010101001111
1111000010110011001100000
1111000010111011111010111
111100001011111
1111000011
11110000110010110
11110000110011
111100001100110010111100100010100001101111110011000110111000
1111000011011011001010
111100001101110110111011101111011101101011101011101001100011111101101
11110000111
11110000111011
11110000111011111
111100001111
1111000011111101
11110000111111111
111100010
1111000100000
11110001000011110110110011111001
11110001000100011111010001011
111100010001011101111111111
111100010001101010010010111100
1111000100101011
111100010010110011101110011010011101
11110001001101
11110001010
11110001010011
1111000101010
1111000101011000011001001110101111001011110110111010011
11110001011
1111000101101101110011100110000000101101
1111000101110011001010111
1111000101111001111101011
11110001011111
111100011
11110001100001100000011111110100
1111000110000110110100
111100011001011101
11110001101
111100011011110100101
1111000111
11110001110110011100110010011001011011101111000
111100011101111010111101111
111100011111
1111000111110101101011011001011001111110011100011
1111000111111
1111001
1111001000
111100100001011
11110010000101110100110011011010110011
1111001000100001011010010110011100101
11110010001011001100101
11110010001011101001011000001111011001011
11110010001011101011
111100100011
11110010001100001111001110011
1111001001
1111001001000010
111100100100011110101
1111001001001011010111
11110010010101011101101101101
11110010010111
1111001001011100011011111100010
1111001001100001110101
11110010011010011011001100
111100100110111111111111101011110111
111100101
111100101000101010110001010
111100101000111
11110010100111001011
111100101010
11110010101011
1111001010101100010011100101011011011010010101001110111010101
111100101011
1111001010111
11110010101111
1111001010111101001011101001010101011010001001100
111100101011110111101
111100101011111111010101101101
11110010110
11110010110000011
1111001011001110101
11110010110011101010011
1111001011010111010011
111100101101100111110101110111
11110010111
1111001100001101010111
11110011000011011110110111
11110011000011111110000101000
111100110001011
11110011001000111011101111001101101000011100001011111
111100110010110000110
111100110011011101011010111
1111001100111
1111001101000011101111010111
111100110101
111100110101110111010011111000011100
1111001101011101111011
11110011011
1111001101110011010101111000011000
11110011011110111111001111010111
111100111011
11110011101101010000111011010101010
111100111011100101101111000001111
1111001111
11110011110
1111001111001010111
11110011110111101001011
11110011111001110110110101100111010
11110011111001111100000110100111111111
1111001111100111111011011101
1111001111110011101111
1111001111110100000111101011011
111100111111011101
1111001111111101111111101
1111001111111111000110101110101011011111010110011110011101110011
111101
1111010000101101001111010001011010000
1111010000110
111101000011010110101110111
111101000011011010011100000001100101010110100111101110101011
1111010000111110000111101
11110100001111110101
11110100010
1111010001011
1111010001100000011110110101101011100001010110
11110100011000110111110111000010111010101000111
11110100011001111101001111001101000011000000
111101000110111111100
11110100011110111101111
111101001000
111101001001010110101
11110100100101111101011011011011010101
1111010010011
111101001001110011
1111010010011101110110100110111101
111101001010001011101001010011101
11110100101001111
111101001010100011
111101001010111011011
111101001011101001
111101001011110010101101
11110100101111101101110111
1111010011001011
1111010011011010111010011110000111001001100
1111010011101011010
11110100111101111
111101010
11110101010101011
1111010101010110110100100111010111110110111001
111101010101101001111110010010110
11110101011
11110101011000001011101101111
1111010101100010110111100000101111101
111101010110101110100101
11110101011011001100
1111010101101101100110000101100110101101010010110110110111001011101
1111010101101101101010100010101001011111011010111011011101
1111010101111001100110100111100
111101010111111011
111101011
1111010110000110101011001100111101
111101011000111
1111010110011001011001010101010101111011101111
111101011001110110100110101101011010010101011011111001111
1111010110110101011
111101011011010101110100011101100000
11110101101101111010011100001100110001010
111101011011011111011100101101010
1111010110111
1111010110111000101
111101011011110010110
1111010111
111101011110101111101111110101
1111010111101111
111101011111
111101011111010111
11110101111110011
111101011111101
11110101111111
11110110
111101100000
1111011000001111101101010
11110110000110000101011111011010
111101100001110101
1111011000011110110101010111010010101110010110
1111011000101101101110010100101111101
111101100011100101000001100000001111110
111101100011101011101
11110110001111
11110110001111100
111101100101110110111001100000110011111
11110110011
1111011001100001101001101010
111101100110110101100110111111110110100111000100010110001111001101111110
111101100111001100101111110111111110
11110110011110010110111100110011110110111100100111100000101
1111011010
111101101000001011101
11110110100000111001100
11110110100000111001110100
1111011010010
11110110100110111000
1111011010100010101100
111101101010011110101010111
11110110101011111
1111011010101111110010110001010
11110110101100001011
11110110101100111110010001100110000100110101
11110110101110101111
11110110101111111
11110110110011000
11110110110111
111101101101111011110010010011011
11110110111
111101101110010110101011011101
111101101110011101011011011101111001111
11110110111011
111101101111110110011000010011
1111011011111101101
11110111
111101110000001011111000
11110111000000110011110111101101
11110111000010110
1111011100001100001011100110110100000101111101111111011111111
1111011100001100001111001011
111101110000111110010011111110011011
11110111000111
1111011100011101010101
111101110001111110100101100110000111010111011101
1111011100101111010101111000110011100110111001101
1111011101101100101
111101110110111101000111100
111101110111
1111011101110010011010101101111101
111101111
11110111100101011
111101111001011011010011011111101100011101
11110111101010011111100110111101011001101010
111101111010101011001101010
111101111010111111
11110111101110111101110110101101
1111011111
11110111110011011101
1111011111001110101110111101011
111101111101
1111011111011110011110111110011
11110111111
1111011111101
111101111110101
111101111110111101110110010111101001111011
111101111111
111101111111010111101100111111001101
1111100
11111000000
111110000001100111110111101011011110011010111000111
111110000001110100001101111001
11111000001011101
111110000011011101100101100110011
111110000011101
11111000001111
11111000010001100011011110010010111011011011001011
111110000101001010110001110011111101
11111000010110010110
1111100001101010011010110110110110100110001110111
111110000111000011011110100010
111110000111011110111010010101111010000001110100
1111100010
11111000101100000111000101111011011100110111100
1111100010110010111010001101110011101100110
11111000101100111
1111100010110111111
1111100011
111110001100001010110
111110001100110
1111100011001100100101101101
111110001100110111
111110001100110111100101100101100111100100101011101
11111000111
11111000111001100
1111100011101
1111100011111111
111110010
111110010000111011001100101001011011010001101101000111001011111001101110001010011
111110010001000111101
11111001001011000101
11111001001100001100011100101
1111100100110011110101011111110101
11111001010
111110010100011000110011100101101111011101
11111001010010
1111100101010
111110010101000010
111110010101011110011111100001101011011111111011011101
1111100101011
1111100101011110111101001011
11111001011
111110010110010110110100
111110010111011
11111001011101100111110010000111101
1111100101111011
1111100101111101
11111001011111101111
11111001011111110110011
111110011
11111001100000000110
11111001100000111
111110011000111110011111
111110011001010111100111010101011101101110111
11111001100110
11111001100111011101
11111001101
1111100110111000111
111110011011110100
11111001101111110000001111
1111100111
1111100111001100011011101
111110011101
11111001111
111110011110011001101111100111
1111100111100111101011011101101111001011001011
11111001111011
111110011110110011
1111100111110101101
11111001111101110101
1111100111111010011
1111101
1111101000000000111
111110100001011000101
11111010000101111010101
111110100001101011110010001011
1111101000011101010010110011010000110100
11111010000111101101
111110100011011010011101111
1111101000111111110111010000111000110001111010
1111101000111111111101010101100110011111100
111110100101111001100011011010100110101101110110100000
111110100110
1111101001100
11111010011000
1111101001100001001011000011010
111110100110001010
111110100110001100111010010100001011010000111
111110100110111100101101
1111101001110011111000100111010101111
11111010011101
11111010011111001
111110101
1111101011010111110010010101110011000000010100111
1111101011011010100101010101010001011101100110010111101110111001110011000011101000010
1111101011011011111111010
1111101011100
11111010111001100110001010101
11111010111010011101110010110
11111010111011010
1111101011101110001010111111010011000100111101
111110101111010011011101
111110101111010110100011010011011010101100111111001010101011
1111101011111010101101110100000010101111001101101011
11111010111111
111110101111111010011111000
11111011
11111011001010111001011000
11111011001011111001011010
111110110011
111110110011000000
1111101100111100110111111
111110110011111000111011110110011
1111101101
11111011010011110111100110011110111
111110110101111
11111011011
111110110111
111110110111111001100010100000011010001001101001111110010011
111110111
111110111001011000111
1111101110010111101101110101001010110
1111101110011001010
111110111001101011010110110110100011010
1111101110011111111010100
11111011101
111110111010010101011001110111111
111110111010011101
1111101110101011
111110111011
1111101110110101
111110111011011
111110111011101001011110100111
111110111101
1111101111011001110011101
11111011110110101
1111101111101
11111011111010111
111110111111
11111011111110011111110111101110110011111
11111011111111001100001011111001010
11111011111111011011
1111110101011000000
11111101010111010101111010111011110100110
111111010110
1111110101100001010101110101100110111111
1111110101100111001100
111111010111010111101
111111010111010111111101
11111101011101101
111111011
1111110110
11111101100000000111
11111101100000101
111111011001010011001101010101111110110101
11111101100101100110000000
111111011001110110110111111110110111100111
11111101101101
1111110110111101
1111110110111110110000100110101
111111011101
1111110111010
11111101110100101011110010111
11111101110101010
11111101110110011111
111111011101111
11111101110111100001101
1111110111101
1111110111110001001011001100101100
111111011111010110001110111110111011101
1111110111111000111001100011110001110101
1111110111111111101101000
1111111
11111110
1111111000
11111110000010011011100010101111
1111111000011101001001111110111
111111100011011001111010101011100000010111101111000110011110110101010
111111100011110100101011
111111100100110010100
111111100101
1111111001010
111111100101000010011111000
11111110010111110111
1111111001101
11111110011011010101110011
111111100111000
11111110011100101111
11111110011110001011000
111111100111100111101111100101101101000
111111101001100001101
1111111010011100110
1111111010100
11111110101001101101
11111110101011101100101011011110110011111101
1111111010110010110010110100000
111111101011010001101010100000
1111111010110100110100101010101110111111101011011
11111110101111111
11111110110011001110010111100110001101111011111101011
111111101101
11111110110101001101001110011000000
111111101101101101101
1111111011101011
1111111011110010
1111111011111110011
11111111001011
1111111100110
1111111101
1111111101000
111111110100111010110110110101101001011010000
11111111010011101111
1111111101011010
11111111011001100
111111110111010111
11111111011111000101011011010
11111111100110
11111111100111111011010101010101101101
11111111101
111111111010
11111111101001101
1111111110100111001
11111111101010100010110011000
111111111011010000100101010101111100100010111
1111111110111010000111111000111111001010
1111111111
11111111110000111101010010111010000
111111111100001111011
111111111100010000111011001111010
1111111111001001100110011
111111111100101001111110111111110011010
11111111110011001011110011
111111111101
11111111110110
111111111101111100111100111110001010101001101110111000010
1111111111100100111101
11111111111001010
1111111111101110101001100111
111111111111110110011000111101110110111